Unnamed: 0,Código Municipal,Município,População,UF,Enfermeiros SUS,Enfermeiros não-SUS,Enfermeiros - Total,% de enfermeiros SUS,Enfermeiros a cada 10k habitantes,Médicos SUS,Médicos não-SUS,Médicos - Total,% de médicos SUS,Médicos a cada 10k habitantes,Hospitais públicos,Hospitais não-públicos,Hospitais - Total,% de hospitais públicos,Hospitais a cada 100k habitantes,Leitos (internação) SUS,Leitos (internação) não-SUS,Leitos (internação) - Total,% de leitos (internação) SUS,Leitos (internação) a cada 10k habitantes,Leitos UTI SUS,Leitos UTI não-SUS,Leitos UTI - Total,% de leitos UTI SUS,Leitos UTI a cada 10k habitantes,Leitos UTI COVID-19 SUS,Leitos UTI COVID-19 não-SUS,Leitos UTI COVID-19 - Total,% de leitos UTI COVID-19 SUS,Leitos UTI COVID-19 a cada 10k habitantes,col_enfermeiros,col_medicos,col_hospitais,col_leitos_int,col_leitos_UTI,col_leitos_UTI_COVID
1465,260005,Abreu e Lima,99990,PE,72,3,75,96.0,7.5,107,23,130,82.31,13.0,1,2,3,33.33,3.0,73,242,315,23.17,31.5,0,22,22,0.0,2.2,0,0,0,0.0,0.0,Abreu e Lima<br><br>População:  99990<br>Enfermeiros SUS:  72<br>Enfermeiros não-SUS:  3<br>Enfermeiros - Total:  75<br>% de enfermeiros SUS:  96.0<br>Enfermeiros a cada 10k habitantes:  7.5,Abreu e Lima<br><br>População:  99990<br>Médicos SUS:  107<br>Médicos não-SUS:  23<br>Médicos - Total:  130<br>% de médicos SUS:  82.31<br>Médicos a cada 10k habitantes:  13.0,Abreu e Lima<br><br>População:  99990<br>Hospitais públicos:  1<br>Hospitais não-públicos:  2<br>Hospitais - Total:  3<br>% de hospitais públicos:  33.33<br>Hospitais a cada 100k habitantes:  3.0,Abreu e Lima<br><br>População:  99990<br>Leitos (internação) SUS:  73<br>Leitos (internação) não-SUS:  242<br>Leitos (internação) - Total:  315<br>% de leitos (internação) SUS:  23.17<br>Leitos (internação) a cada 10k habitantes:  31.5,Abreu e Lima<br><br>População:  99990<br>Leitos UTI SUS:  0<br>Leitos UTI não-SUS:  22<br>Leitos UTI - Total:  22<br>% de leitos UTI SUS:  0.0<br>Leitos UTI a cada 10k habitantes:  2.2,Abreu e Lima<br><br>População:  99990<br>Leitos UTI COVID-19 SUS:  0<br>Leitos UTI COVID-19 não-SUS:  0<br>Leitos UTI COVID-19 - Total:  0<br>% de leitos UTI COVID-19 SUS:  0.0<br>Leitos UTI COVID-19 a cada 10k habitantes:  0.0
1466,260010,Afogados da Ingazeira,37259,PE,70,1,71,98.59,19.06,85,3,88,96.59,23.62,1,2,3,33.33,8.05,111,37,148,75.0,39.72,0,0,0,0.0,0.0,0,0,0,0.0,0.0,Afogados da Ingazeira<br><br>População:  37259<br>Enfermeiros SUS:  70<br>Enfermeiros não-SUS:  1<br>Enfermeiros - Total:  71<br>% de enfermeiros SUS:  98.59<br>Enfermeiros a cada 10k habitantes:  19.06,Afogados da Ingazeira<br><br>População:  37259<br>Médicos SUS:  85<br>Médicos não-SUS:  3<br>Médicos - Total:  88<br>% de médicos SUS:  96.59<br>Médicos a cada 10k habitantes:  23.62,Afogados da Ingazeira<br><br>População:  37259<br>Hospitais públicos:  1<br>Hospitais não-públicos:  2<br>Hospitais - Total:  3<br>% de hospitais públicos:  33.33<br>Hospitais a cada 100k habitantes:  8.05,Afogados da Ingazeira<br><br>População:  37259<br>Leitos (internação) SUS:  111<br>Leitos (internação) não-SUS:  37<br>Leitos (internação) - Total:  148<br>% de leitos (internação) SUS:  75.0<br>Leitos (internação) a cada 10k habitantes:  39.72,Afogados da Ingazeira<br><br>População:  37259<br>Leitos UTI SUS:  0<br>Leitos UTI não-SUS:  0<br>Leitos UTI - Total:  0<br>% de leitos UTI SUS:  0.0<br>Leitos UTI a cada 10k habitantes:  0.0,Afogados da Ingazeira<br><br>População:  37259<br>Leitos UTI COVID-19 SUS:  0<br>Leitos UTI COVID-19 não-SUS:  0<br>Leitos UTI COVID-19 - Total:  0<br>% de leitos UTI COVID-19 SUS:  0.0<br>Leitos UTI COVID-19 a cada 10k habitantes:  0.0
1467,260020,Afrânio,19635,PE,17,0,17,100.0,8.66,22,1,23,95.65,11.71,2,0,2,100.0,10.19,54,0,54,100.0,27.5,0,0,0,0.0,0.0,0,0,0,0.0,0.0,Afrânio<br><br>População:  19635<br>Enfermeiros SUS:  17<br>Enfermeiros não-SUS:  0<br>Enfermeiros - Total:  17<br>% de enfermeiros SUS:  100.0<br>Enfermeiros a cada 10k habitantes:  8.66,Afrânio<br><br>População:  19635<br>Médicos SUS:  22<br>Médicos não-SUS:  1<br>Médicos - Total:  23<br>% de médicos SUS:  95.65<br>Médicos a cada 10k habitantes:  11.71,Afrânio<br><br>População:  19635<br>Hospitais públicos:  2<br>Hospitais não-públicos:  0<br>Hospitais - Total:  2<br>% de hospitais públicos:  100.0<br>Hospitais a cada 100k habitantes:  10.19,Afrânio<br><br>População:  19635<br>Leitos (internação) SUS:  54<br>Leitos (internação) não-SUS:  0<br>Leitos (internação) - Total:  54<br>% de leitos (internação) SUS:  100.0<br>Leitos (internação) a cada 10k habitantes:  27.5,Afrânio<br><br>População:  19635<br>Leitos UTI SUS:  0<br>Leitos UTI não-SUS:  0<br>Leitos UTI - Total:  0<br>% de leitos UTI SUS:  0.0<br>Leitos UTI a cada 10k habitantes:  0.0,Afrânio<br><br>População:  19635<br>Leitos UTI COVID-19 SUS:  0<br>Leitos UTI COVID-19 não-SUS:  0<br>Leitos UTI COVID-19 - Total:  0<br>% de leitos UTI COVID-19 SUS:  0.0<br>Leitos UTI COVID-19 a cada 10k habitantes:  0.0
1468,260030,Agrestina,24885,PE,26,6,32,81.25,12.86,25,6,31,80.65,12.46,0,1,1,0.0,4.02,76,47,123,61.79,49.43,0,0,0,0.0,0.0,0,0,0,0.0,0.0,Agrestina<br><br>População:  24885<br>Enfermeiros SUS:  26<br>Enfermeiros não-SUS:  6<br>Enfermeiros - Total:  32<br>% de enfermeiros SUS:  81.25<br>Enfermeiros a cada 10k habitantes:  12.86,Agrestina<br><br>População:  24885<br>Médicos SUS:  25<br>Médicos não-SUS:  6<br>Médicos - Total:  31<br>% de médicos SUS:  80.65<br>Médicos a cada 10k habitantes:  12.46,Agrestina<br><br>População:  24885<br>Hospitais públicos:  0<br>Hospitais não-públicos:  1<br>Hospitais - Total:  1<br>% de hospitais públicos:  0.0<br>Hospitais a cada 100k habitantes:  4.02,Agrestina<br><br>População:  24885<br>Leitos (internação) SUS:  76<br>Leitos (internação) não-SUS:  47<br>Leitos (internação) - Total:  123<br>% de leitos (internação) SUS:  61.79<br>Leitos (internação) a cada 10k habitantes:  49.43,Agrestina<br><br>População:  24885<br>Leitos UTI SUS:  0<br>Leitos UTI não-SUS:  0<br>Leitos UTI - Total:  0<br>% de leitos UTI SUS:  0.0<br>Leitos UTI a cada 10k habitantes:  0.0,Agrestina<br><br>População:  24885<br>Leitos UTI COVID-19 SUS:  0<br>Leitos UTI COVID-19 não-SUS:  0<br>Leitos UTI COVID-19 - Total:  0<br>% de leitos UTI COVID-19 SUS:  0.0<br>Leitos UTI COVID-19 a cada 10k habitantes:  0.0
1469,260040,Água Preta,36771,PE,25,0,25,100.0,6.8,21,0,21,100.0,5.71,0,0,0,0.0,0.0,50,0,50,100.0,13.6,0,25,25,0.0,6.8,0,20,20,0.0,5.44,Água Preta<br><br>População:  36771<br>Enfermeiros SUS:  25<br>Enfermeiros não-SUS:  0<br>Enfermeiros - Total:  25<br>% de enfermeiros SUS:  100.0<br>Enfermeiros a cada 10k habitantes:  6.8,Água Preta<br><br>População:  36771<br>Médicos SUS:  21<br>Médicos não-SUS:  0<br>Médicos - Total:  21<br>% de médicos SUS:  100.0<br>Médicos a cada 10k habitantes:  5.71,Água Preta<br><br>População:  36771<br>Hospitais públicos:  0<br>Hospitais não-públicos:  0<br>Hospitais - Total:  0<br>% de hospitais públicos:  0.0<br>Hospitais a cada 100k habitantes:  0.0,Água Preta<br><br>População:  36771<br>Leitos (internação) SUS:  50<br>Leitos (internação) não-SUS:  0<br>Leitos (internação) - Total:  50<br>% de leitos (internação) SUS:  100.0<br>Leitos (internação) a cada 10k habitantes:  13.6,Água Preta<br><br>População:  36771<br>Leitos UTI SUS:  0<br>Leitos UTI não-SUS:  25<br>Leitos UTI - Total:  25<br>% de leitos UTI SUS:  0.0<br>Leitos UTI a cada 10k habitantes:  6.8,Água Preta<br><br>População:  36771<br>Leitos UTI COVID-19 SUS:  0<br>Leitos UTI COVID-19 não-SUS:  20<br>Leitos UTI COVID-19 - Total:  20<br>% de leitos UTI COVID-19 SUS:  0.0<br>Leitos UTI COVID-19 a cada 10k habitantes:  5.44
1470,260050,Águas Belas,43443,PE,31,0,31,100.0,7.14,18,0,18,100.0,4.14,1,0,1,100.0,2.3,30,0,30,100.0,6.91,22,0,22,100.0,5.06,0,0,0,0.0,0.0,Águas Belas<br><br>População:  43443<br>Enfermeiros SUS:  31<br>Enfermeiros não-SUS:  0<br>Enfermeiros - Total:  31<br>% de enfermeiros SUS:  100.0<br>Enfermeiros a cada 10k habitantes:  7.14,Águas Belas<br><br>População:  43443<br>Médicos SUS:  18<br>Médicos não-SUS:  0<br>Médicos - Total:  18<br>% de médicos SUS:  100.0<br>Médicos a cada 10k habitantes:  4.14,Águas Belas<br><br>População:  43443<br>Hospitais públicos:  1<br>Hospitais não-públicos:  0<br>Hospitais - Total:  1<br>% de hospitais públicos:  100.0<br>Hospitais a cada 100k habitantes:  2.3,Águas Belas<br><br>População:  43443<br>Leitos (internação) SUS:  30<br>Leitos (internação) não-SUS:  0<br>Leitos (internação) - Total:  30<br>% de leitos (internação) SUS:  100.0<br>Leitos (internação) a cada 10k habitantes:  6.91,Águas Belas<br><br>População:  43443<br>Leitos UTI SUS:  22<br>Leitos UTI não-SUS:  0<br>Leitos UTI - Total:  22<br>% de leitos UTI SUS:  100.0<br>Leitos UTI a cada 10k habitantes:  5.06,Águas Belas<br><br>População:  43443<br>Leitos UTI COVID-19 SUS:  0<br>Leitos UTI COVID-19 não-SUS:  0<br>Leitos UTI COVID-19 - Total:  0<br>% de leitos UTI COVID-19 SUS:  0.0<br>Leitos UTI COVID-19 a cada 10k habitantes:  0.0
1471,260060,Alagoinha,14636,PE,16,0,16,100.0,10.93,8,0,8,100.0,5.47,0,0,0,0.0,0.0,24,0,24,100.0,16.4,0,0,0,0.0,0.0,0,0,0,0.0,0.0,Alagoinha<br><br>População:  14636<br>Enfermeiros SUS:  16<br>Enfermeiros não-SUS:  0<br>Enfermeiros - Total:  16<br>% de enfermeiros SUS:  100.0<br>Enfermeiros a cada 10k habitantes:  10.93,Alagoinha<br><br>População:  14636<br>Médicos SUS:  8<br>Médicos não-SUS:  0<br>Médicos - Total:  8<br>% de médicos SUS:  100.0<br>Médicos a cada 10k habitantes:  5.47,Alagoinha<br><br>População:  14636<br>Hospitais públicos:  0<br>Hospitais não-públicos:  0<br>Hospitais - Total:  0<br>% de hospitais públicos:  0.0<br>Hospitais a cada 100k habitantes:  0.0,Alagoinha<br><br>População:  14636<br>Leitos (internação) SUS:  24<br>Leitos (internação) não-SUS:  0<br>Leitos (internação) - Total:  24<br>% de leitos (internação) SUS:  100.0<br>Leitos (internação) a cada 10k habitantes:  16.4,Alagoinha<br><br>População:  14636<br>Leitos UTI SUS:  0<br>Leitos UTI não-SUS:  0<br>Leitos UTI - Total:  0<br>% de leitos UTI SUS:  0.0<br>Leitos UTI a cada 10k habitantes:  0.0,Alagoinha<br><br>População:  14636<br>Leitos UTI COVID-19 SUS:  0<br>Leitos UTI COVID-19 não-SUS:  0<br>Leitos UTI COVID-19 - Total:  0<br>% de leitos UTI COVID-19 SUS:  0.0<br>Leitos UTI COVID-19 a cada 10k habitantes:  0.0
1472,260070,Aliança,38386,PE,24,0,24,100.0,6.25,11,2,13,84.62,3.39,0,0,0,0.0,0.0,26,0,26,100.0,6.77,0,0,0,0.0,0.0,0,0,0,0.0,0.0,Aliança<br><br>População:  38386<br>Enfermeiros SUS:  24<br>Enfermeiros não-SUS:  0<br>Enfermeiros - Total:  24<br>% de enfermeiros SUS:  100.0<br>Enfermeiros a cada 10k habitantes:  6.25,Aliança<br><br>População:  38386<br>Médicos SUS:  11<br>Médicos não-SUS:  2<br>Médicos - Total:  13<br>% de médicos SUS:  84.62<br>Médicos a cada 10k habitantes:  3.39,Aliança<br><br>População:  38386<br>Hospitais públicos:  0<br>Hospitais não-públicos:  0<br>Hospitais - Total:  0<br>% de hospitais públicos:  0.0<br>Hospitais a cada 100k habitantes:  0.0,Aliança<br><br>População:  38386<br>Leitos (internação) SUS:  26<br>Leitos (internação) não-SUS:  0<br>Leitos (internação) - Total:  26<br>% de leitos (internação) SUS:  100.0<br>Leitos (internação) a cada 10k habitantes:  6.77,Aliança<br><br>População:  38386<br>Leitos UTI SUS:  0<br>Leitos UTI não-SUS:  0<br>Leitos UTI - Total:  0<br>% de leitos UTI SUS:  0.0<br>Leitos UTI a cada 10k habitantes:  0.0,Aliança<br><br>População:  38386<br>Leitos UTI COVID-19 SUS:  0<br>Leitos UTI COVID-19 não-SUS:  0<br>Leitos UTI COVID-19 - Total:  0<br>% de leitos UTI COVID-19 SUS:  0.0<br>Leitos UTI COVID-19 a cada 10k habitantes:  0.0
1473,260080,Altinho,22972,PE,12,0,12,100.0,5.22,9,1,10,90.0,4.35,0,0,0,0.0,0.0,24,0,24,100.0,10.45,0,0,0,0.0,0.0,0,0,0,0.0,0.0,Altinho<br><br>População:  22972<br>Enfermeiros SUS:  12<br>Enfermeiros não-SUS:  0<br>Enfermeiros - Total:  12<br>% de enfermeiros SUS:  100.0<br>Enfermeiros a cada 10k habitantes:  5.22,Altinho<br><br>População:  22972<br>Médicos SUS:  9<br>Médicos não-SUS:  1<br>Médicos - Total:  10<br>% de médicos SUS:  90.0<br>Médicos a cada 10k habitantes:  4.35,Altinho<br><br>População:  22972<br>Hospitais públicos:  0<br>Hospitais não-públicos:  0<br>Hospitais - Total:  0<br>% de hospitais públicos:  0.0<br>Hospitais a cada 100k habitantes:  0.0,Altinho<br><br>População:  22972<br>Leitos (internação) SUS:  24<br>Leitos (internação) não-SUS:  0<br>Leitos (internação) - Total:  24<br>% de leitos (internação) SUS:  100.0<br>Leitos (internação) a cada 10k habitantes:  10.45,Altinho<br><br>População:  22972<br>Leitos UTI SUS:  0<br>Leitos UTI não-SUS:  0<br>Leitos UTI - Total:  0<br>% de leitos UTI SUS:  0.0<br>Leitos UTI a cada 10k habitantes:  0.0,Altinho<br><br>População:  22972<br>Leitos UTI COVID-19 SUS:  0<br>Leitos UTI COVID-19 não-SUS:  0<br>Leitos UTI COVID-19 - Total:  0<br>% de leitos UTI COVID-19 SUS:  0.0<br>Leitos UTI COVID-19 a cada 10k habitantes:  0.0
1474,260090,Amaraji,22829,PE,15,0,15,100.0,6.57,10,0,10,100.0,4.38,0,0,0,0.0,0.0,31,0,31,100.0,13.58,0,0,0,0.0,0.0,0,0,0,0.0,0.0,Amaraji<br><br>População:  22829<br>Enfermeiros SUS:  15<br>Enfermeiros não-SUS:  0<br>Enfermeiros - Total:  15<br>% de enfermeiros SUS:  100.0<br>Enfermeiros a cada 10k habitantes:  6.57,Amaraji<br><br>População:  22829<br>Médicos SUS:  10<br>Médicos não-SUS:  0<br>Médicos - Total:  10<br>% de médicos SUS:  100.0<br>Médicos a cada 10k habitantes:  4.38,Amaraji<br><br>População:  22829<br>Hospitais públicos:  0<br>Hospitais não-públicos:  0<br>Hospitais - Total:  0<br>% de hospitais públicos:  0.0<br>Hospitais a cada 100k habitantes:  0.0,Amaraji<br><br>População:  22829<br>Leitos (internação) SUS:  31<br>Leitos (internação) não-SUS:  0<br>Leitos (internação) - Total:  31<br>% de leitos (internação) SUS:  100.0<br>Leitos (internação) a cada 10k habitantes:  13.58,Amaraji<br><br>População:  22829<br>Leitos UTI SUS:  0<br>Leitos UTI não-SUS:  0<br>Leitos UTI - Total:  0<br>% de leitos UTI SUS:  0.0<br>Leitos UTI a cada 10k habitantes:  0.0,Amaraji<br><br>População:  22829<br>Leitos UTI COVID-19 SUS:  0<br>Leitos UTI COVID-19 não-SUS:  0<br>Leitos UTI COVID-19 - Total:  0<br>% de leitos UTI COVID-19 SUS:  0.0<br>Leitos UTI COVID-19 a cada 10k habitantes:  0.0
1475,260100,Angelim,11150,PE,15,0,15,100.0,13.45,9,0,9,100.0,8.07,1,0,1,100.0,8.97,12,0,12,100.0,10.76,0,0,0,0.0,0.0,0,0,0,0.0,0.0,Angelim<br><br>População:  11150<br>Enfermeiros SUS:  15<br>Enfermeiros não-SUS:  0<br>Enfermeiros - Total:  15<br>% de enfermeiros SUS:  100.0<br>Enfermeiros a cada 10k habitantes:  13.45,Angelim<br><br>População:  11150<br>Médicos SUS:  9<br>Médicos não-SUS:  0<br>Médicos - Total:  9<br>% de médicos SUS:  100.0<br>Médicos a cada 10k habitantes:  8.07,Angelim<br><br>População:  11150<br>Hospitais públicos:  1<br>Hospitais não-públicos:  0<br>Hospitais - Total:  1<br>% de hospitais públicos:  100.0<br>Hospitais a cada 100k habitantes:  8.97,Angelim<br><br>População:  11150<br>Leitos (internação) SUS:  12<br>Leitos (internação) não-SUS:  0<br>Leitos (internação) - Total:  12<br>% de leitos (internação) SUS:  100.0<br>Leitos (internação) a cada 10k habitantes:  10.76,Angelim<br><br>População:  11150<br>Leitos UTI SUS:  0<br>Leitos UTI não-SUS:  0<br>Leitos UTI - Total:  0<br>% de leitos UTI SUS:  0.0<br>Leitos UTI a cada 10k habitantes:  0.0,Angelim<br><br>População:  11150<br>Leitos UTI COVID-19 SUS:  0<br>Leitos UTI COVID-19 não-SUS:  0<br>Leitos UTI COVID-19 - Total:  0<br>% de leitos UTI COVID-19 SUS:  0.0<br>Leitos UTI COVID-19 a cada 10k habitantes:  0.0
1476,260105,Araçoiaba,20524,PE,13,0,13,100.0,6.33,10,1,11,90.91,5.36,0,0,0,0.0,0.0,3,0,3,100.0,1.46,0,0,0,0.0,0.0,0,0,0,0.0,0.0,Araçoiaba<br><br>População:  20524<br>Enfermeiros SUS:  13<br>Enfermeiros não-SUS:  0<br>Enfermeiros - Total:  13<br>% de enfermeiros SUS:  100.0<br>Enfermeiros a cada 10k habitantes:  6.33,Araçoiaba<br><br>População:  20524<br>Médicos SUS:  10<br>Médicos não-SUS:  1<br>Médicos - Total:  11<br>% de médicos SUS:  90.91<br>Médicos a cada 10k habitantes:  5.36,Araçoiaba<br><br>População:  20524<br>Hospitais públicos:  0<br>Hospitais não-públicos:  0<br>Hospitais - Total:  0<br>% de hospitais públicos:  0.0<br>Hospitais a cada 100k habitantes:  0.0,Araçoiaba<br><br>População:  20524<br>Leitos (internação) SUS:  3<br>Leitos (internação) não-SUS:  0<br>Leitos (internação) - Total:  3<br>% de leitos (internação) SUS:  100.0<br>Leitos (internação) a cada 10k habitantes:  1.46,Araçoiaba<br><br>População:  20524<br>Leitos UTI SUS:  0<br>Leitos UTI não-SUS:  0<br>Leitos UTI - Total:  0<br>% de leitos UTI SUS:  0.0<br>Leitos UTI a cada 10k habitantes:  0.0,Araçoiaba<br><br>População:  20524<br>Leitos UTI COVID-19 SUS:  0<br>Leitos UTI COVID-19 não-SUS:  0<br>Leitos UTI COVID-19 - Total:  0<br>% de leitos UTI COVID-19 SUS:  0.0<br>Leitos UTI COVID-19 a cada 10k habitantes:  0.0
1477,260110,Araripina,84418,PE,47,0,47,100.0,5.57,61,5,66,92.42,7.82,0,2,2,0.0,2.37,198,33,231,85.71,27.36,0,20,20,0.0,2.37,0,10,10,0.0,1.18,Araripina<br><br>População:  84418<br>Enfermeiros SUS:  47<br>Enfermeiros não-SUS:  0<br>Enfermeiros - Total:  47<br>% de enfermeiros SUS:  100.0<br>Enfermeiros a cada 10k habitantes:  5.57,Araripina<br><br>População:  84418<br>Médicos SUS:  61<br>Médicos não-SUS:  5<br>Médicos - Total:  66<br>% de médicos SUS:  92.42<br>Médicos a cada 10k habitantes:  7.82,Araripina<br><br>População:  84418<br>Hospitais públicos:  0<br>Hospitais não-públicos:  2<br>Hospitais - Total:  2<br>% de hospitais públicos:  0.0<br>Hospitais a cada 100k habitantes:  2.37,Araripina<br><br>População:  84418<br>Leitos (internação) SUS:  198<br>Leitos (internação) não-SUS:  33<br>Leitos (internação) - Total:  231<br>% de leitos (internação) SUS:  85.71<br>Leitos (internação) a cada 10k habitantes:  27.36,Araripina<br><br>População:  84418<br>Leitos UTI SUS:  0<br>Leitos UTI não-SUS:  20<br>Leitos UTI - Total:  20<br>% de leitos UTI SUS:  0.0<br>Leitos UTI a cada 10k habitantes:  2.37,Araripina<br><br>População:  84418<br>Leitos UTI COVID-19 SUS:  0<br>Leitos UTI COVID-19 não-SUS:  10<br>Leitos UTI COVID-19 - Total:  10<br>% de leitos UTI COVID-19 SUS:  0.0<br>Leitos UTI COVID-19 a cada 10k habitantes:  1.18
1478,260120,Arcoverde,74338,PE,142,6,148,95.95,19.91,132,27,159,83.02,21.39,2,1,3,66.67,4.04,131,44,175,74.86,23.54,16,5,21,76.19,2.82,8,0,8,100.0,1.08,Arcoverde<br><br>População:  74338<br>Enfermeiros SUS:  142<br>Enfermeiros não-SUS:  6<br>Enfermeiros - Total:  148<br>% de enfermeiros SUS:  95.95<br>Enfermeiros a cada 10k habitantes:  19.91,Arcoverde<br><br>População:  74338<br>Médicos SUS:  132<br>Médicos não-SUS:  27<br>Médicos - Total:  159<br>% de médicos SUS:  83.02<br>Médicos a cada 10k habitantes:  21.39,Arcoverde<br><br>População:  74338<br>Hospitais públicos:  2<br>Hospitais não-públicos:  1<br>Hospitais - Total:  3<br>% de hospitais públicos:  66.67<br>Hospitais a cada 100k habitantes:  4.04,Arcoverde<br><br>População:  74338<br>Leitos (internação) SUS:  131<br>Leitos (internação) não-SUS:  44<br>Leitos (internação) - Total:  175<br>% de leitos (internação) SUS:  74.86<br>Leitos (internação) a cada 10k habitantes:  23.54,Arcoverde<br><br>População:  74338<br>Leitos UTI SUS:  16<br>Leitos UTI não-SUS:  5<br>Leitos UTI - Total:  21<br>% de leitos UTI SUS:  76.19<br>Leitos UTI a cada 10k habitantes:  2.82,Arcoverde<br><br>População:  74338<br>Leitos UTI COVID-19 SUS:  8<br>Leitos UTI COVID-19 não-SUS:  0<br>Leitos UTI COVID-19 - Total:  8<br>% de leitos UTI COVID-19 SUS:  100.0<br>Leitos UTI COVID-19 a cada 10k habitantes:  1.08
1479,260130,Barra de Guabiraba,14385,PE,12,0,12,100.0,8.34,10,0,10,100.0,6.95,0,0,0,0.0,0.0,15,0,15,100.0,10.43,0,0,0,0.0,0.0,0,0,0,0.0,0.0,Barra de Guabiraba<br><br>População:  14385<br>Enfermeiros SUS:  12<br>Enfermeiros não-SUS:  0<br>Enfermeiros - Total:  12<br>% de enfermeiros SUS:  100.0<br>Enfermeiros a cada 10k habitantes:  8.34,Barra de Guabiraba<br><br>População:  14385<br>Médicos SUS:  10<br>Médicos não-SUS:  0<br>Médicos - Total:  10<br>% de médicos SUS:  100.0<br>Médicos a cada 10k habitantes:  6.95,Barra de Guabiraba<br><br>População:  14385<br>Hospitais públicos:  0<br>Hospitais não-públicos:  0<br>Hospitais - Total:  0<br>% de hospitais públicos:  0.0<br>Hospitais a cada 100k habitantes:  0.0,Barra de Guabiraba<br><br>População:  14385<br>Leitos (internação) SUS:  15<br>Leitos (internação) não-SUS:  0<br>Leitos (internação) - Total:  15<br>% de leitos (internação) SUS:  100.0<br>Leitos (internação) a cada 10k habitantes:  10.43,Barra de Guabiraba<br><br>População:  14385<br>Leitos UTI SUS:  0<br>Leitos UTI não-SUS:  0<br>Leitos UTI - Total:  0<br>% de leitos UTI SUS:  0.0<br>Leitos UTI a cada 10k habitantes:  0.0,Barra de Guabiraba<br><br>População:  14385<br>Leitos UTI COVID-19 SUS:  0<br>Leitos UTI COVID-19 não-SUS:  0<br>Leitos UTI COVID-19 - Total:  0<br>% de leitos UTI COVID-19 SUS:  0.0<br>Leitos UTI COVID-19 a cada 10k habitantes:  0.0
1480,260140,Barreiros,42659,PE,29,0,29,100.0,6.8,37,2,39,94.87,9.14,2,0,2,100.0,4.69,130,0,130,100.0,30.47,2,10,12,16.67,2.81,0,10,10,0.0,2.34,Barreiros<br><br>População:  42659<br>Enfermeiros SUS:  29<br>Enfermeiros não-SUS:  0<br>Enfermeiros - Total:  29<br>% de enfermeiros SUS:  100.0<br>Enfermeiros a cada 10k habitantes:  6.8,Barreiros<br><br>População:  42659<br>Médicos SUS:  37<br>Médicos não-SUS:  2<br>Médicos - Total:  39<br>% de médicos SUS:  94.87<br>Médicos a cada 10k habitantes:  9.14,Barreiros<br><br>População:  42659<br>Hospitais públicos:  2<br>Hospitais não-públicos:  0<br>Hospitais - Total:  2<br>% de hospitais públicos:  100.0<br>Hospitais a cada 100k habitantes:  4.69,Barreiros<br><br>População:  42659<br>Leitos (internação) SUS:  130<br>Leitos (internação) não-SUS:  0<br>Leitos (internação) - Total:  130<br>% de leitos (internação) SUS:  100.0<br>Leitos (internação) a cada 10k habitantes:  30.47,Barreiros<br><br>População:  42659<br>Leitos UTI SUS:  2<br>Leitos UTI não-SUS:  10<br>Leitos UTI - Total:  12<br>% de leitos UTI SUS:  16.67<br>Leitos UTI a cada 10k habitantes:  2.81,Barreiros<br><br>População:  42659<br>Leitos UTI COVID-19 SUS:  0<br>Leitos UTI COVID-19 não-SUS:  10<br>Leitos UTI COVID-19 - Total:  10<br>% de leitos UTI COVID-19 SUS:  0.0<br>Leitos UTI COVID-19 a cada 10k habitantes:  2.34
1481,260150,Belém de Maria,12073,PE,12,0,12,100.0,9.94,4,0,4,100.0,3.31,0,0,0,0.0,0.0,9,0,9,100.0,7.45,0,0,0,0.0,0.0,0,0,0,0.0,0.0,Belém de Maria<br><br>População:  12073<br>Enfermeiros SUS:  12<br>Enfermeiros não-SUS:  0<br>Enfermeiros - Total:  12<br>% de enfermeiros SUS:  100.0<br>Enfermeiros a cada 10k habitantes:  9.94,Belém de Maria<br><br>População:  12073<br>Médicos SUS:  4<br>Médicos não-SUS:  0<br>Médicos - Total:  4<br>% de médicos SUS:  100.0<br>Médicos a cada 10k habitantes:  3.31,Belém de Maria<br><br>População:  12073<br>Hospitais públicos:  0<br>Hospitais não-públicos:  0<br>Hospitais - Total:  0<br>% de hospitais públicos:  0.0<br>Hospitais a cada 100k habitantes:  0.0,Belém de Maria<br><br>População:  12073<br>Leitos (internação) SUS:  9<br>Leitos (internação) não-SUS:  0<br>Leitos (internação) - Total:  9<br>% de leitos (internação) SUS:  100.0<br>Leitos (internação) a cada 10k habitantes:  7.45,Belém de Maria<br><br>População:  12073<br>Leitos UTI SUS:  0<br>Leitos UTI não-SUS:  0<br>Leitos UTI - Total:  0<br>% de leitos UTI SUS:  0.0<br>Leitos UTI a cada 10k habitantes:  0.0,Belém de Maria<br><br>População:  12073<br>Leitos UTI COVID-19 SUS:  0<br>Leitos UTI COVID-19 não-SUS:  0<br>Leitos UTI COVID-19 - Total:  0<br>% de leitos UTI COVID-19 SUS:  0.0<br>Leitos UTI COVID-19 a cada 10k habitantes:  0.0
1482,260160,Belém do São Francisco,20729,PE,21,0,21,100.0,10.13,10,0,10,100.0,4.82,1,0,1,100.0,4.82,29,0,29,100.0,13.99,4,0,4,100.0,1.93,0,0,0,0.0,0.0,Belém do São Francisco<br><br>População:  20729<br>Enfermeiros SUS:  21<br>Enfermeiros não-SUS:  0<br>Enfermeiros - Total:  21<br>% de enfermeiros SUS:  100.0<br>Enfermeiros a cada 10k habitantes:  10.13,Belém do São Francisco<br><br>População:  20729<br>Médicos SUS:  10<br>Médicos não-SUS:  0<br>Médicos - Total:  10<br>% de médicos SUS:  100.0<br>Médicos a cada 10k habitantes:  4.82,Belém do São Francisco<br><br>População:  20729<br>Hospitais públicos:  1<br>Hospitais não-públicos:  0<br>Hospitais - Total:  1<br>% de hospitais públicos:  100.0<br>Hospitais a cada 100k habitantes:  4.82,Belém do São Francisco<br><br>População:  20729<br>Leitos (internação) SUS:  29<br>Leitos (internação) não-SUS:  0<br>Leitos (internação) - Total:  29<br>% de leitos (internação) SUS:  100.0<br>Leitos (internação) a cada 10k habitantes:  13.99,Belém do São Francisco<br><br>População:  20729<br>Leitos UTI SUS:  4<br>Leitos UTI não-SUS:  0<br>Leitos UTI - Total:  4<br>% de leitos UTI SUS:  100.0<br>Leitos UTI a cada 10k habitantes:  1.93,Belém do São Francisco<br><br>População:  20729<br>Leitos UTI COVID-19 SUS:  0<br>Leitos UTI COVID-19 não-SUS:  0<br>Leitos UTI COVID-19 - Total:  0<br>% de leitos UTI COVID-19 SUS:  0.0<br>Leitos UTI COVID-19 a cada 10k habitantes:  0.0
1483,260170,Belo Jardim,76439,PE,64,1,65,98.46,8.5,37,1,38,97.37,4.97,1,1,2,50.0,2.62,59,36,95,62.11,12.43,0,0,0,0.0,0.0,0,0,0,0.0,0.0,Belo Jardim<br><br>População:  76439<br>Enfermeiros SUS:  64<br>Enfermeiros não-SUS:  1<br>Enfermeiros - Total:  65<br>% de enfermeiros SUS:  98.46<br>Enfermeiros a cada 10k habitantes:  8.5,Belo Jardim<br><br>População:  76439<br>Médicos SUS:  37<br>Médicos não-SUS:  1<br>Médicos - Total:  38<br>% de médicos SUS:  97.37<br>Médicos a cada 10k habitantes:  4.97,Belo Jardim<br><br>População:  76439<br>Hospitais públicos:  1<br>Hospitais não-públicos:  1<br>Hospitais - Total:  2<br>% de hospitais públicos:  50.0<br>Hospitais a cada 100k habitantes:  2.62,Belo Jardim<br><br>População:  76439<br>Leitos (internação) SUS:  59<br>Leitos (internação) não-SUS:  36<br>Leitos (internação) - Total:  95<br>% de leitos (internação) SUS:  62.11<br>Leitos (internação) a cada 10k habitantes:  12.43,Belo Jardim<br><br>População:  76439<br>Leitos UTI SUS:  0<br>Leitos UTI não-SUS:  0<br>Leitos UTI - Total:  0<br>% de leitos UTI SUS:  0.0<br>Leitos UTI a cada 10k habitantes:  0.0,Belo Jardim<br><br>População:  76439<br>Leitos UTI COVID-19 SUS:  0<br>Leitos UTI COVID-19 não-SUS:  0<br>Leitos UTI COVID-19 - Total:  0<br>% de leitos UTI COVID-19 SUS:  0.0<br>Leitos UTI COVID-19 a cada 10k habitantes:  0.0
1484,260180,Betânia,12719,PE,10,0,10,100.0,7.86,8,0,8,100.0,6.29,0,0,0,0.0,0.0,21,0,21,100.0,16.51,0,0,0,0.0,0.0,0,0,0,0.0,0.0,Betânia<br><br>População:  12719<br>Enfermeiros SUS:  10<br>Enfermeiros não-SUS:  0<br>Enfermeiros - Total:  10<br>% de enfermeiros SUS:  100.0<br>Enfermeiros a cada 10k habitantes:  7.86,Betânia<br><br>População:  12719<br>Médicos SUS:  8<br>Médicos não-SUS:  0<br>Médicos - Total:  8<br>% de médicos SUS:  100.0<br>Médicos a cada 10k habitantes:  6.29,Betânia<br><br>População:  12719<br>Hospitais públicos:  0<br>Hospitais não-públicos:  0<br>Hospitais - Total:  0<br>% de hospitais públicos:  0.0<br>Hospitais a cada 100k habitantes:  0.0,Betânia<br><br>População:  12719<br>Leitos (internação) SUS:  21<br>Leitos (internação) não-SUS:  0<br>Leitos (internação) - Total:  21<br>% de leitos (internação) SUS:  100.0<br>Leitos (internação) a cada 10k habitantes:  16.51,Betânia<br><br>População:  12719<br>Leitos UTI SUS:  0<br>Leitos UTI não-SUS:  0<br>Leitos UTI - Total:  0<br>% de leitos UTI SUS:  0.0<br>Leitos UTI a cada 10k habitantes:  0.0,Betânia<br><br>População:  12719<br>Leitos UTI COVID-19 SUS:  0<br>Leitos UTI COVID-19 não-SUS:  0<br>Leitos UTI COVID-19 - Total:  0<br>% de leitos UTI COVID-19 SUS:  0.0<br>Leitos UTI COVID-19 a cada 10k habitantes:  0.0
1485,260190,Bezerros,60798,PE,47,0,47,100.0,7.73,56,7,63,88.89,10.36,1,1,2,50.0,3.29,138,34,172,80.23,28.29,10,0,10,100.0,1.64,0,0,0,0.0,0.0,Bezerros<br><br>População:  60798<br>Enfermeiros SUS:  47<br>Enfermeiros não-SUS:  0<br>Enfermeiros - Total:  47<br>% de enfermeiros SUS:  100.0<br>Enfermeiros a cada 10k habitantes:  7.73,Bezerros<br><br>População:  60798<br>Médicos SUS:  56<br>Médicos não-SUS:  7<br>Médicos - Total:  63<br>% de médicos SUS:  88.89<br>Médicos a cada 10k habitantes:  10.36,Bezerros<br><br>População:  60798<br>Hospitais públicos:  1<br>Hospitais não-públicos:  1<br>Hospitais - Total:  2<br>% de hospitais públicos:  50.0<br>Hospitais a cada 100k habitantes:  3.29,Bezerros<br><br>População:  60798<br>Leitos (internação) SUS:  138<br>Leitos (internação) não-SUS:  34<br>Leitos (internação) - Total:  172<br>% de leitos (internação) SUS:  80.23<br>Leitos (internação) a cada 10k habitantes:  28.29,Bezerros<br><br>População:  60798<br>Leitos UTI SUS:  10<br>Leitos UTI não-SUS:  0<br>Leitos UTI - Total:  10<br>% de leitos UTI SUS:  100.0<br>Leitos UTI a cada 10k habitantes:  1.64,Bezerros<br><br>População:  60798<br>Leitos UTI COVID-19 SUS:  0<br>Leitos UTI COVID-19 não-SUS:  0<br>Leitos UTI COVID-19 - Total:  0<br>% de leitos UTI COVID-19 SUS:  0.0<br>Leitos UTI COVID-19 a cada 10k habitantes:  0.0
1486,260200,Bodocó,38146,PE,20,0,20,100.0,5.24,26,0,26,100.0,6.82,1,0,1,100.0,2.62,24,0,24,100.0,6.29,0,0,0,0.0,0.0,0,0,0,0.0,0.0,Bodocó<br><br>População:  38146<br>Enfermeiros SUS:  20<br>Enfermeiros não-SUS:  0<br>Enfermeiros - Total:  20<br>% de enfermeiros SUS:  100.0<br>Enfermeiros a cada 10k habitantes:  5.24,Bodocó<br><br>População:  38146<br>Médicos SUS:  26<br>Médicos não-SUS:  0<br>Médicos - Total:  26<br>% de médicos SUS:  100.0<br>Médicos a cada 10k habitantes:  6.82,Bodocó<br><br>População:  38146<br>Hospitais públicos:  1<br>Hospitais não-públicos:  0<br>Hospitais - Total:  1<br>% de hospitais públicos:  100.0<br>Hospitais a cada 100k habitantes:  2.62,Bodocó<br><br>População:  38146<br>Leitos (internação) SUS:  24<br>Leitos (internação) não-SUS:  0<br>Leitos (internação) - Total:  24<br>% de leitos (internação) SUS:  100.0<br>Leitos (internação) a cada 10k habitantes:  6.29,Bodocó<br><br>População:  38146<br>Leitos UTI SUS:  0<br>Leitos UTI não-SUS:  0<br>Leitos UTI - Total:  0<br>% de leitos UTI SUS:  0.0<br>Leitos UTI a cada 10k habitantes:  0.0,Bodocó<br><br>População:  38146<br>Leitos UTI COVID-19 SUS:  0<br>Leitos UTI COVID-19 não-SUS:  0<br>Leitos UTI COVID-19 - Total:  0<br>% de leitos UTI COVID-19 SUS:  0.0<br>Leitos UTI COVID-19 a cada 10k habitantes:  0.0
1487,260210,Bom Conselho,48554,PE,28,0,28,100.0,5.77,29,1,30,96.67,6.18,1,0,1,100.0,2.06,53,0,53,100.0,10.92,0,0,0,0.0,0.0,0,0,0,0.0,0.0,Bom Conselho<br><br>População:  48554<br>Enfermeiros SUS:  28<br>Enfermeiros não-SUS:  0<br>Enfermeiros - Total:  28<br>% de enfermeiros SUS:  100.0<br>Enfermeiros a cada 10k habitantes:  5.77,Bom Conselho<br><br>População:  48554<br>Médicos SUS:  29<br>Médicos não-SUS:  1<br>Médicos - Total:  30<br>% de médicos SUS:  96.67<br>Médicos a cada 10k habitantes:  6.18,Bom Conselho<br><br>População:  48554<br>Hospitais públicos:  1<br>Hospitais não-públicos:  0<br>Hospitais - Total:  1<br>% de hospitais públicos:  100.0<br>Hospitais a cada 100k habitantes:  2.06,Bom Conselho<br><br>População:  48554<br>Leitos (internação) SUS:  53<br>Leitos (internação) não-SUS:  0<br>Leitos (internação) - Total:  53<br>% de leitos (internação) SUS:  100.0<br>Leitos (internação) a cada 10k habitantes:  10.92,Bom Conselho<br><br>População:  48554<br>Leitos UTI SUS:  0<br>Leitos UTI não-SUS:  0<br>Leitos UTI - Total:  0<br>% de leitos UTI SUS:  0.0<br>Leitos UTI a cada 10k habitantes:  0.0,Bom Conselho<br><br>População:  48554<br>Leitos UTI COVID-19 SUS:  0<br>Leitos UTI COVID-19 não-SUS:  0<br>Leitos UTI COVID-19 - Total:  0<br>% de leitos UTI COVID-19 SUS:  0.0<br>Leitos UTI COVID-19 a cada 10k habitantes:  0.0
1488,260220,Bom Jardim,39184,PE,19,0,19,100.0,4.85,18,0,18,100.0,4.59,1,0,1,100.0,2.55,33,0,33,100.0,8.42,0,0,0,0.0,0.0,0,0,0,0.0,0.0,Bom Jardim<br><br>População:  39184<br>Enfermeiros SUS:  19<br>Enfermeiros não-SUS:  0<br>Enfermeiros - Total:  19<br>% de enfermeiros SUS:  100.0<br>Enfermeiros a cada 10k habitantes:  4.85,Bom Jardim<br><br>População:  39184<br>Médicos SUS:  18<br>Médicos não-SUS:  0<br>Médicos - Total:  18<br>% de médicos SUS:  100.0<br>Médicos a cada 10k habitantes:  4.59,Bom Jardim<br><br>População:  39184<br>Hospitais públicos:  1<br>Hospitais não-públicos:  0<br>Hospitais - Total:  1<br>% de hospitais públicos:  100.0<br>Hospitais a cada 100k habitantes:  2.55,Bom Jardim<br><br>População:  39184<br>Leitos (internação) SUS:  33<br>Leitos (internação) não-SUS:  0<br>Leitos (internação) - Total:  33<br>% de leitos (internação) SUS:  100.0<br>Leitos (internação) a cada 10k habitantes:  8.42,Bom Jardim<br><br>População:  39184<br>Leitos UTI SUS:  0<br>Leitos UTI não-SUS:  0<br>Leitos UTI - Total:  0<br>% de leitos UTI SUS:  0.0<br>Leitos UTI a cada 10k habitantes:  0.0,Bom Jardim<br><br>População:  39184<br>Leitos UTI COVID-19 SUS:  0<br>Leitos UTI COVID-19 não-SUS:  0<br>Leitos UTI COVID-19 - Total:  0<br>% de leitos UTI COVID-19 SUS:  0.0<br>Leitos UTI COVID-19 a cada 10k habitantes:  0.0
1489,260230,Bonito,38134,PE,24,0,24,100.0,6.29,23,1,24,95.83,6.29,1,0,1,100.0,2.62,52,0,52,100.0,13.64,0,0,0,0.0,0.0,0,0,0,0.0,0.0,Bonito<br><br>População:  38134<br>Enfermeiros SUS:  24<br>Enfermeiros não-SUS:  0<br>Enfermeiros - Total:  24<br>% de enfermeiros SUS:  100.0<br>Enfermeiros a cada 10k habitantes:  6.29,Bonito<br><br>População:  38134<br>Médicos SUS:  23<br>Médicos não-SUS:  1<br>Médicos - Total:  24<br>% de médicos SUS:  95.83<br>Médicos a cada 10k habitantes:  6.29,Bonito<br><br>População:  38134<br>Hospitais públicos:  1<br>Hospitais não-públicos:  0<br>Hospitais - Total:  1<br>% de hospitais públicos:  100.0<br>Hospitais a cada 100k habitantes:  2.62,Bonito<br><br>População:  38134<br>Leitos (internação) SUS:  52<br>Leitos (internação) não-SUS:  0<br>Leitos (internação) - Total:  52<br>% de leitos (internação) SUS:  100.0<br>Leitos (internação) a cada 10k habitantes:  13.64,Bonito<br><br>População:  38134<br>Leitos UTI SUS:  0<br>Leitos UTI não-SUS:  0<br>Leitos UTI - Total:  0<br>% de leitos UTI SUS:  0.0<br>Leitos UTI a cada 10k habitantes:  0.0,Bonito<br><br>População:  38134<br>Leitos UTI COVID-19 SUS:  0<br>Leitos UTI COVID-19 não-SUS:  0<br>Leitos UTI COVID-19 - Total:  0<br>% de leitos UTI COVID-19 SUS:  0.0<br>Leitos UTI COVID-19 a cada 10k habitantes:  0.0
1490,260240,Brejão,8993,PE,11,0,11,100.0,12.23,1,0,1,100.0,1.11,1,0,1,100.0,11.12,16,0,16,100.0,17.79,0,0,0,0.0,0.0,0,0,0,0.0,0.0,Brejão<br><br>População:  8993<br>Enfermeiros SUS:  11<br>Enfermeiros não-SUS:  0<br>Enfermeiros - Total:  11<br>% de enfermeiros SUS:  100.0<br>Enfermeiros a cada 10k habitantes:  12.23,Brejão<br><br>População:  8993<br>Médicos SUS:  1<br>Médicos não-SUS:  0<br>Médicos - Total:  1<br>% de médicos SUS:  100.0<br>Médicos a cada 10k habitantes:  1.11,Brejão<br><br>População:  8993<br>Hospitais públicos:  1<br>Hospitais não-públicos:  0<br>Hospitais - Total:  1<br>% de hospitais públicos:  100.0<br>Hospitais a cada 100k habitantes:  11.12,Brejão<br><br>População:  8993<br>Leitos (internação) SUS:  16<br>Leitos (internação) não-SUS:  0<br>Leitos (internação) - Total:  16<br>% de leitos (internação) SUS:  100.0<br>Leitos (internação) a cada 10k habitantes:  17.79,Brejão<br><br>População:  8993<br>Leitos UTI SUS:  0<br>Leitos UTI não-SUS:  0<br>Leitos UTI - Total:  0<br>% de leitos UTI SUS:  0.0<br>Leitos UTI a cada 10k habitantes:  0.0,Brejão<br><br>População:  8993<br>Leitos UTI COVID-19 SUS:  0<br>Leitos UTI COVID-19 não-SUS:  0<br>Leitos UTI COVID-19 - Total:  0<br>% de leitos UTI COVID-19 SUS:  0.0<br>Leitos UTI COVID-19 a cada 10k habitantes:  0.0
1491,260250,Brejinho,7487,PE,5,0,5,100.0,6.68,7,0,7,100.0,9.35,0,0,0,0.0,0.0,11,0,11,100.0,14.69,0,0,0,0.0,0.0,0,0,0,0.0,0.0,Brejinho<br><br>População:  7487<br>Enfermeiros SUS:  5<br>Enfermeiros não-SUS:  0<br>Enfermeiros - Total:  5<br>% de enfermeiros SUS:  100.0<br>Enfermeiros a cada 10k habitantes:  6.68,Brejinho<br><br>População:  7487<br>Médicos SUS:  7<br>Médicos não-SUS:  0<br>Médicos - Total:  7<br>% de médicos SUS:  100.0<br>Médicos a cada 10k habitantes:  9.35,Brejinho<br><br>População:  7487<br>Hospitais públicos:  0<br>Hospitais não-públicos:  0<br>Hospitais - Total:  0<br>% de hospitais públicos:  0.0<br>Hospitais a cada 100k habitantes:  0.0,Brejinho<br><br>População:  7487<br>Leitos (internação) SUS:  11<br>Leitos (internação) não-SUS:  0<br>Leitos (internação) - Total:  11<br>% de leitos (internação) SUS:  100.0<br>Leitos (internação) a cada 10k habitantes:  14.69,Brejinho<br><br>População:  7487<br>Leitos UTI SUS:  0<br>Leitos UTI não-SUS:  0<br>Leitos UTI - Total:  0<br>% de leitos UTI SUS:  0.0<br>Leitos UTI a cada 10k habitantes:  0.0,Brejinho<br><br>População:  7487<br>Leitos UTI COVID-19 SUS:  0<br>Leitos UTI COVID-19 não-SUS:  0<br>Leitos UTI COVID-19 - Total:  0<br>% de leitos UTI COVID-19 SUS:  0.0<br>Leitos UTI COVID-19 a cada 10k habitantes:  0.0
1492,260260,Brejo da Madre de Deus,50742,PE,25,0,25,100.0,4.93,17,0,17,100.0,3.35,0,0,0,0.0,0.0,60,0,60,100.0,11.82,1,0,1,100.0,0.2,0,0,0,0.0,0.0,Brejo da Madre de Deus<br><br>População:  50742<br>Enfermeiros SUS:  25<br>Enfermeiros não-SUS:  0<br>Enfermeiros - Total:  25<br>% de enfermeiros SUS:  100.0<br>Enfermeiros a cada 10k habitantes:  4.93,Brejo da Madre de Deus<br><br>População:  50742<br>Médicos SUS:  17<br>Médicos não-SUS:  0<br>Médicos - Total:  17<br>% de médicos SUS:  100.0<br>Médicos a cada 10k habitantes:  3.35,Brejo da Madre de Deus<br><br>População:  50742<br>Hospitais públicos:  0<br>Hospitais não-públicos:  0<br>Hospitais - Total:  0<br>% de hospitais públicos:  0.0<br>Hospitais a cada 100k habitantes:  0.0,Brejo da Madre de Deus<br><br>População:  50742<br>Leitos (internação) SUS:  60<br>Leitos (internação) não-SUS:  0<br>Leitos (internação) - Total:  60<br>% de leitos (internação) SUS:  100.0<br>Leitos (internação) a cada 10k habitantes:  11.82,Brejo da Madre de Deus<br><br>População:  50742<br>Leitos UTI SUS:  1<br>Leitos UTI não-SUS:  0<br>Leitos UTI - Total:  1<br>% de leitos UTI SUS:  100.0<br>Leitos UTI a cada 10k habitantes:  0.2,Brejo da Madre de Deus<br><br>População:  50742<br>Leitos UTI COVID-19 SUS:  0<br>Leitos UTI COVID-19 não-SUS:  0<br>Leitos UTI COVID-19 - Total:  0<br>% de leitos UTI COVID-19 SUS:  0.0<br>Leitos UTI COVID-19 a cada 10k habitantes:  0.0
1493,260270,Buenos Aires,13155,PE,11,0,11,100.0,8.36,11,0,11,100.0,8.36,0,0,0,0.0,0.0,17,0,17,100.0,12.92,0,0,0,0.0,0.0,0,0,0,0.0,0.0,Buenos Aires<br><br>População:  13155<br>Enfermeiros SUS:  11<br>Enfermeiros não-SUS:  0<br>Enfermeiros - Total:  11<br>% de enfermeiros SUS:  100.0<br>Enfermeiros a cada 10k habitantes:  8.36,Buenos Aires<br><br>População:  13155<br>Médicos SUS:  11<br>Médicos não-SUS:  0<br>Médicos - Total:  11<br>% de médicos SUS:  100.0<br>Médicos a cada 10k habitantes:  8.36,Buenos Aires<br><br>População:  13155<br>Hospitais públicos:  0<br>Hospitais não-públicos:  0<br>Hospitais - Total:  0<br>% de hospitais públicos:  0.0<br>Hospitais a cada 100k habitantes:  0.0,Buenos Aires<br><br>População:  13155<br>Leitos (internação) SUS:  17<br>Leitos (internação) não-SUS:  0<br>Leitos (internação) - Total:  17<br>% de leitos (internação) SUS:  100.0<br>Leitos (internação) a cada 10k habitantes:  12.92,Buenos Aires<br><br>População:  13155<br>Leitos UTI SUS:  0<br>Leitos UTI não-SUS:  0<br>Leitos UTI - Total:  0<br>% de leitos UTI SUS:  0.0<br>Leitos UTI a cada 10k habitantes:  0.0,Buenos Aires<br><br>População:  13155<br>Leitos UTI COVID-19 SUS:  0<br>Leitos UTI COVID-19 não-SUS:  0<br>Leitos UTI COVID-19 - Total:  0<br>% de leitos UTI COVID-19 SUS:  0.0<br>Leitos UTI COVID-19 a cada 10k habitantes:  0.0
1494,260280,Buíque,58378,PE,36,0,36,100.0,6.17,17,0,17,100.0,2.91,1,1,2,50.0,3.43,57,0,57,100.0,9.76,0,0,0,0.0,0.0,0,0,0,0.0,0.0,Buíque<br><br>População:  58378<br>Enfermeiros SUS:  36<br>Enfermeiros não-SUS:  0<br>Enfermeiros - Total:  36<br>% de enfermeiros SUS:  100.0<br>Enfermeiros a cada 10k habitantes:  6.17,Buíque<br><br>População:  58378<br>Médicos SUS:  17<br>Médicos não-SUS:  0<br>Médicos - Total:  17<br>% de médicos SUS:  100.0<br>Médicos a cada 10k habitantes:  2.91,Buíque<br><br>População:  58378<br>Hospitais públicos:  1<br>Hospitais não-públicos:  1<br>Hospitais - Total:  2<br>% de hospitais públicos:  50.0<br>Hospitais a cada 100k habitantes:  3.43,Buíque<br><br>População:  58378<br>Leitos (internação) SUS:  57<br>Leitos (internação) não-SUS:  0<br>Leitos (internação) - Total:  57<br>% de leitos (internação) SUS:  100.0<br>Leitos (internação) a cada 10k habitantes:  9.76,Buíque<br><br>População:  58378<br>Leitos UTI SUS:  0<br>Leitos UTI não-SUS:  0<br>Leitos UTI - Total:  0<br>% de leitos UTI SUS:  0.0<br>Leitos UTI a cada 10k habitantes:  0.0,Buíque<br><br>População:  58378<br>Leitos UTI COVID-19 SUS:  0<br>Leitos UTI COVID-19 não-SUS:  0<br>Leitos UTI COVID-19 - Total:  0<br>% de leitos UTI COVID-19 SUS:  0.0<br>Leitos UTI COVID-19 a cada 10k habitantes:  0.0
1495,260290,Cabo de Santo Agostinho,207048,PE,316,12,328,96.34,15.84,489,130,619,79.0,29.9,6,5,11,54.55,5.31,331,184,515,64.27,24.87,74,20,94,78.72,4.54,40,0,40,100.0,1.93,Cabo de Santo Agostinho<br><br>População:  207048<br>Enfermeiros SUS:  316<br>Enfermeiros não-SUS:  12<br>Enfermeiros - Total:  328<br>% de enfermeiros SUS:  96.34<br>Enfermeiros a cada 10k habitantes:  15.84,Cabo de Santo Agostinho<br><br>População:  207048<br>Médicos SUS:  489<br>Médicos não-SUS:  130<br>Médicos - Total:  619<br>% de médicos SUS:  79.0<br>Médicos a cada 10k habitantes:  29.9,Cabo de Santo Agostinho<br><br>População:  207048<br>Hospitais públicos:  6<br>Hospitais não-públicos:  5<br>Hospitais - Total:  11<br>% de hospitais públicos:  54.55<br>Hospitais a cada 100k habitantes:  5.31,Cabo de Santo Agostinho<br><br>População:  207048<br>Leitos (internação) SUS:  331<br>Leitos (internação) não-SUS:  184<br>Leitos (internação) - Total:  515<br>% de leitos (internação) SUS:  64.27<br>Leitos (internação) a cada 10k habitantes:  24.87,Cabo de Santo Agostinho<br><br>População:  207048<br>Leitos UTI SUS:  74<br>Leitos UTI não-SUS:  20<br>Leitos UTI - Total:  94<br>% de leitos UTI SUS:  78.72<br>Leitos UTI a cada 10k habitantes:  4.54,Cabo de Santo Agostinho<br><br>População:  207048<br>Leitos UTI COVID-19 SUS:  40<br>Leitos UTI COVID-19 não-SUS:  0<br>Leitos UTI COVID-19 - Total:  40<br>% de leitos UTI COVID-19 SUS:  100.0<br>Leitos UTI COVID-19 a cada 10k habitantes:  1.93
1496,260300,Cabrobó,34221,PE,30,0,30,100.0,8.77,16,0,16,100.0,4.68,1,0,1,100.0,2.92,45,0,45,100.0,13.15,0,0,0,0.0,0.0,0,0,0,0.0,0.0,Cabrobó<br><br>População:  34221<br>Enfermeiros SUS:  30<br>Enfermeiros não-SUS:  0<br>Enfermeiros - Total:  30<br>% de enfermeiros SUS:  100.0<br>Enfermeiros a cada 10k habitantes:  8.77,Cabrobó<br><br>População:  34221<br>Médicos SUS:  16<br>Médicos não-SUS:  0<br>Médicos - Total:  16<br>% de médicos SUS:  100.0<br>Médicos a cada 10k habitantes:  4.68,Cabrobó<br><br>População:  34221<br>Hospitais públicos:  1<br>Hospitais não-públicos:  0<br>Hospitais - Total:  1<br>% de hospitais públicos:  100.0<br>Hospitais a cada 100k habitantes:  2.92,Cabrobó<br><br>População:  34221<br>Leitos (internação) SUS:  45<br>Leitos (internação) não-SUS:  0<br>Leitos (internação) - Total:  45<br>% de leitos (internação) SUS:  100.0<br>Leitos (internação) a cada 10k habitantes:  13.15,Cabrobó<br><br>População:  34221<br>Leitos UTI SUS:  0<br>Leitos UTI não-SUS:  0<br>Leitos UTI - Total:  0<br>% de leitos UTI SUS:  0.0<br>Leitos UTI a cada 10k habitantes:  0.0,Cabrobó<br><br>População:  34221<br>Leitos UTI COVID-19 SUS:  0<br>Leitos UTI COVID-19 não-SUS:  0<br>Leitos UTI COVID-19 - Total:  0<br>% de leitos UTI COVID-19 SUS:  0.0<br>Leitos UTI COVID-19 a cada 10k habitantes:  0.0
1497,260310,Cachoeirinha,20380,PE,14,0,14,100.0,6.87,12,1,13,92.31,6.38,0,0,0,0.0,0.0,26,0,26,100.0,12.76,0,0,0,0.0,0.0,0,0,0,0.0,0.0,Cachoeirinha<br><br>População:  20380<br>Enfermeiros SUS:  14<br>Enfermeiros não-SUS:  0<br>Enfermeiros - Total:  14<br>% de enfermeiros SUS:  100.0<br>Enfermeiros a cada 10k habitantes:  6.87,Cachoeirinha<br><br>População:  20380<br>Médicos SUS:  12<br>Médicos não-SUS:  1<br>Médicos - Total:  13<br>% de médicos SUS:  92.31<br>Médicos a cada 10k habitantes:  6.38,Cachoeirinha<br><br>População:  20380<br>Hospitais públicos:  0<br>Hospitais não-públicos:  0<br>Hospitais - Total:  0<br>% de hospitais públicos:  0.0<br>Hospitais a cada 100k habitantes:  0.0,Cachoeirinha<br><br>População:  20380<br>Leitos (internação) SUS:  26<br>Leitos (internação) não-SUS:  0<br>Leitos (internação) - Total:  26<br>% de leitos (internação) SUS:  100.0<br>Leitos (internação) a cada 10k habitantes:  12.76,Cachoeirinha<br><br>População:  20380<br>Leitos UTI SUS:  0<br>Leitos UTI não-SUS:  0<br>Leitos UTI - Total:  0<br>% de leitos UTI SUS:  0.0<br>Leitos UTI a cada 10k habitantes:  0.0,Cachoeirinha<br><br>População:  20380<br>Leitos UTI COVID-19 SUS:  0<br>Leitos UTI COVID-19 não-SUS:  0<br>Leitos UTI COVID-19 - Total:  0<br>% de leitos UTI COVID-19 SUS:  0.0<br>Leitos UTI COVID-19 a cada 10k habitantes:  0.0
1498,260320,Caetés,28739,PE,19,0,19,100.0,6.61,16,0,16,100.0,5.57,2,0,2,100.0,6.96,40,0,40,100.0,13.92,0,0,0,0.0,0.0,0,0,0,0.0,0.0,Caetés<br><br>População:  28739<br>Enfermeiros SUS:  19<br>Enfermeiros não-SUS:  0<br>Enfermeiros - Total:  19<br>% de enfermeiros SUS:  100.0<br>Enfermeiros a cada 10k habitantes:  6.61,Caetés<br><br>População:  28739<br>Médicos SUS:  16<br>Médicos não-SUS:  0<br>Médicos - Total:  16<br>% de médicos SUS:  100.0<br>Médicos a cada 10k habitantes:  5.57,Caetés<br><br>População:  28739<br>Hospitais públicos:  2<br>Hospitais não-públicos:  0<br>Hospitais - Total:  2<br>% de hospitais públicos:  100.0<br>Hospitais a cada 100k habitantes:  6.96,Caetés<br><br>População:  28739<br>Leitos (internação) SUS:  40<br>Leitos (internação) não-SUS:  0<br>Leitos (internação) - Total:  40<br>% de leitos (internação) SUS:  100.0<br>Leitos (internação) a cada 10k habitantes:  13.92,Caetés<br><br>População:  28739<br>Leitos UTI SUS:  0<br>Leitos UTI não-SUS:  0<br>Leitos UTI - Total:  0<br>% de leitos UTI SUS:  0.0<br>Leitos UTI a cada 10k habitantes:  0.0,Caetés<br><br>População:  28739<br>Leitos UTI COVID-19 SUS:  0<br>Leitos UTI COVID-19 não-SUS:  0<br>Leitos UTI COVID-19 - Total:  0<br>% de leitos UTI COVID-19 SUS:  0.0<br>Leitos UTI COVID-19 a cada 10k habitantes:  0.0
1499,260330,Calçado,11053,PE,14,0,14,100.0,12.67,8,0,8,100.0,7.24,0,0,0,0.0,0.0,17,0,17,100.0,15.38,0,0,0,0.0,0.0,0,0,0,0.0,0.0,Calçado<br><br>População:  11053<br>Enfermeiros SUS:  14<br>Enfermeiros não-SUS:  0<br>Enfermeiros - Total:  14<br>% de enfermeiros SUS:  100.0<br>Enfermeiros a cada 10k habitantes:  12.67,Calçado<br><br>População:  11053<br>Médicos SUS:  8<br>Médicos não-SUS:  0<br>Médicos - Total:  8<br>% de médicos SUS:  100.0<br>Médicos a cada 10k habitantes:  7.24,Calçado<br><br>População:  11053<br>Hospitais públicos:  0<br>Hospitais não-públicos:  0<br>Hospitais - Total:  0<br>% de hospitais públicos:  0.0<br>Hospitais a cada 100k habitantes:  0.0,Calçado<br><br>População:  11053<br>Leitos (internação) SUS:  17<br>Leitos (internação) não-SUS:  0<br>Leitos (internação) - Total:  17<br>% de leitos (internação) SUS:  100.0<br>Leitos (internação) a cada 10k habitantes:  15.38,Calçado<br><br>População:  11053<br>Leitos UTI SUS:  0<br>Leitos UTI não-SUS:  0<br>Leitos UTI - Total:  0<br>% de leitos UTI SUS:  0.0<br>Leitos UTI a cada 10k habitantes:  0.0,Calçado<br><br>População:  11053<br>Leitos UTI COVID-19 SUS:  0<br>Leitos UTI COVID-19 não-SUS:  0<br>Leitos UTI COVID-19 - Total:  0<br>% de leitos UTI COVID-19 SUS:  0.0<br>Leitos UTI COVID-19 a cada 10k habitantes:  0.0
1500,260340,Calumbi,5750,PE,7,0,7,100.0,12.17,2,0,2,100.0,3.48,0,0,0,0.0,0.0,17,0,17,100.0,29.57,0,0,0,0.0,0.0,0,0,0,0.0,0.0,Calumbi<br><br>População:  5750<br>Enfermeiros SUS:  7<br>Enfermeiros não-SUS:  0<br>Enfermeiros - Total:  7<br>% de enfermeiros SUS:  100.0<br>Enfermeiros a cada 10k habitantes:  12.17,Calumbi<br><br>População:  5750<br>Médicos SUS:  2<br>Médicos não-SUS:  0<br>Médicos - Total:  2<br>% de médicos SUS:  100.0<br>Médicos a cada 10k habitantes:  3.48,Calumbi<br><br>População:  5750<br>Hospitais públicos:  0<br>Hospitais não-públicos:  0<br>Hospitais - Total:  0<br>% de hospitais públicos:  0.0<br>Hospitais a cada 100k habitantes:  0.0,Calumbi<br><br>População:  5750<br>Leitos (internação) SUS:  17<br>Leitos (internação) não-SUS:  0<br>Leitos (internação) - Total:  17<br>% de leitos (internação) SUS:  100.0<br>Leitos (internação) a cada 10k habitantes:  29.57,Calumbi<br><br>População:  5750<br>Leitos UTI SUS:  0<br>Leitos UTI não-SUS:  0<br>Leitos UTI - Total:  0<br>% de leitos UTI SUS:  0.0<br>Leitos UTI a cada 10k habitantes:  0.0,Calumbi<br><br>População:  5750<br>Leitos UTI COVID-19 SUS:  0<br>Leitos UTI COVID-19 não-SUS:  0<br>Leitos UTI COVID-19 - Total:  0<br>% de leitos UTI COVID-19 SUS:  0.0<br>Leitos UTI COVID-19 a cada 10k habitantes:  0.0
1501,260345,Camaragibe,157828,PE,99,29,128,77.34,8.11,119,38,157,75.8,9.95,2,3,5,40.0,3.17,64,262,326,19.63,20.66,0,3,3,0.0,0.19,0,0,0,0.0,0.0,Camaragibe<br><br>População:  157828<br>Enfermeiros SUS:  99<br>Enfermeiros não-SUS:  29<br>Enfermeiros - Total:  128<br>% de enfermeiros SUS:  77.34<br>Enfermeiros a cada 10k habitantes:  8.11,Camaragibe<br><br>População:  157828<br>Médicos SUS:  119<br>Médicos não-SUS:  38<br>Médicos - Total:  157<br>% de médicos SUS:  75.8<br>Médicos a cada 10k habitantes:  9.95,Camaragibe<br><br>População:  157828<br>Hospitais públicos:  2<br>Hospitais não-públicos:  3<br>Hospitais - Total:  5<br>% de hospitais públicos:  40.0<br>Hospitais a cada 100k habitantes:  3.17,Camaragibe<br><br>População:  157828<br>Leitos (internação) SUS:  64<br>Leitos (internação) não-SUS:  262<br>Leitos (internação) - Total:  326<br>% de leitos (internação) SUS:  19.63<br>Leitos (internação) a cada 10k habitantes:  20.66,Camaragibe<br><br>População:  157828<br>Leitos UTI SUS:  0<br>Leitos UTI não-SUS:  3<br>Leitos UTI - Total:  3<br>% de leitos UTI SUS:  0.0<br>Leitos UTI a cada 10k habitantes:  0.19,Camaragibe<br><br>População:  157828<br>Leitos UTI COVID-19 SUS:  0<br>Leitos UTI COVID-19 não-SUS:  0<br>Leitos UTI COVID-19 - Total:  0<br>% de leitos UTI COVID-19 SUS:  0.0<br>Leitos UTI COVID-19 a cada 10k habitantes:  0.0
1502,260350,Camocim de São Félix,18765,PE,13,0,13,100.0,6.93,7,0,7,100.0,3.73,0,0,0,0.0,0.0,19,0,19,100.0,10.13,0,0,0,0.0,0.0,0,0,0,0.0,0.0,Camocim de São Félix<br><br>População:  18765<br>Enfermeiros SUS:  13<br>Enfermeiros não-SUS:  0<br>Enfermeiros - Total:  13<br>% de enfermeiros SUS:  100.0<br>Enfermeiros a cada 10k habitantes:  6.93,Camocim de São Félix<br><br>População:  18765<br>Médicos SUS:  7<br>Médicos não-SUS:  0<br>Médicos - Total:  7<br>% de médicos SUS:  100.0<br>Médicos a cada 10k habitantes:  3.73,Camocim de São Félix<br><br>População:  18765<br>Hospitais públicos:  0<br>Hospitais não-públicos:  0<br>Hospitais - Total:  0<br>% de hospitais públicos:  0.0<br>Hospitais a cada 100k habitantes:  0.0,Camocim de São Félix<br><br>População:  18765<br>Leitos (internação) SUS:  19<br>Leitos (internação) não-SUS:  0<br>Leitos (internação) - Total:  19<br>% de leitos (internação) SUS:  100.0<br>Leitos (internação) a cada 10k habitantes:  10.13,Camocim de São Félix<br><br>População:  18765<br>Leitos UTI SUS:  0<br>Leitos UTI não-SUS:  0<br>Leitos UTI - Total:  0<br>% de leitos UTI SUS:  0.0<br>Leitos UTI a cada 10k habitantes:  0.0,Camocim de São Félix<br><br>População:  18765<br>Leitos UTI COVID-19 SUS:  0<br>Leitos UTI COVID-19 não-SUS:  0<br>Leitos UTI COVID-19 - Total:  0<br>% de leitos UTI COVID-19 SUS:  0.0<br>Leitos UTI COVID-19 a cada 10k habitantes:  0.0
1503,260360,Camutanga,8551,PE,11,0,11,100.0,12.86,6,0,6,100.0,7.02,0,0,0,0.0,0.0,7,0,7,100.0,8.19,0,0,0,0.0,0.0,0,0,0,0.0,0.0,Camutanga<br><br>População:  8551<br>Enfermeiros SUS:  11<br>Enfermeiros não-SUS:  0<br>Enfermeiros - Total:  11<br>% de enfermeiros SUS:  100.0<br>Enfermeiros a cada 10k habitantes:  12.86,Camutanga<br><br>População:  8551<br>Médicos SUS:  6<br>Médicos não-SUS:  0<br>Médicos - Total:  6<br>% de médicos SUS:  100.0<br>Médicos a cada 10k habitantes:  7.02,Camutanga<br><br>População:  8551<br>Hospitais públicos:  0<br>Hospitais não-públicos:  0<br>Hospitais - Total:  0<br>% de hospitais públicos:  0.0<br>Hospitais a cada 100k habitantes:  0.0,Camutanga<br><br>População:  8551<br>Leitos (internação) SUS:  7<br>Leitos (internação) não-SUS:  0<br>Leitos (internação) - Total:  7<br>% de leitos (internação) SUS:  100.0<br>Leitos (internação) a cada 10k habitantes:  8.19,Camutanga<br><br>População:  8551<br>Leitos UTI SUS:  0<br>Leitos UTI não-SUS:  0<br>Leitos UTI - Total:  0<br>% de leitos UTI SUS:  0.0<br>Leitos UTI a cada 10k habitantes:  0.0,Camutanga<br><br>População:  8551<br>Leitos UTI COVID-19 SUS:  0<br>Leitos UTI COVID-19 não-SUS:  0<br>Leitos UTI COVID-19 - Total:  0<br>% de leitos UTI COVID-19 SUS:  0.0<br>Leitos UTI COVID-19 a cada 10k habitantes:  0.0
1504,260370,Canhotinho,24804,PE,22,0,22,100.0,8.87,11,0,11,100.0,4.43,1,0,1,100.0,4.03,32,0,32,100.0,12.9,0,0,0,0.0,0.0,0,0,0,0.0,0.0,Canhotinho<br><br>População:  24804<br>Enfermeiros SUS:  22<br>Enfermeiros não-SUS:  0<br>Enfermeiros - Total:  22<br>% de enfermeiros SUS:  100.0<br>Enfermeiros a cada 10k habitantes:  8.87,Canhotinho<br><br>População:  24804<br>Médicos SUS:  11<br>Médicos não-SUS:  0<br>Médicos - Total:  11<br>% de médicos SUS:  100.0<br>Médicos a cada 10k habitantes:  4.43,Canhotinho<br><br>População:  24804<br>Hospitais públicos:  1<br>Hospitais não-públicos:  0<br>Hospitais - Total:  1<br>% de hospitais públicos:  100.0<br>Hospitais a cada 100k habitantes:  4.03,Canhotinho<br><br>População:  24804<br>Leitos (internação) SUS:  32<br>Leitos (internação) não-SUS:  0<br>Leitos (internação) - Total:  32<br>% de leitos (internação) SUS:  100.0<br>Leitos (internação) a cada 10k habitantes:  12.9,Canhotinho<br><br>População:  24804<br>Leitos UTI SUS:  0<br>Leitos UTI não-SUS:  0<br>Leitos UTI - Total:  0<br>% de leitos UTI SUS:  0.0<br>Leitos UTI a cada 10k habitantes:  0.0,Canhotinho<br><br>População:  24804<br>Leitos UTI COVID-19 SUS:  0<br>Leitos UTI COVID-19 não-SUS:  0<br>Leitos UTI COVID-19 - Total:  0<br>% de leitos UTI COVID-19 SUS:  0.0<br>Leitos UTI COVID-19 a cada 10k habitantes:  0.0
1505,260380,Capoeiras,20048,PE,11,0,11,100.0,5.49,6,0,6,100.0,2.99,1,0,1,100.0,4.99,40,0,40,100.0,19.95,0,0,0,0.0,0.0,0,0,0,0.0,0.0,Capoeiras<br><br>População:  20048<br>Enfermeiros SUS:  11<br>Enfermeiros não-SUS:  0<br>Enfermeiros - Total:  11<br>% de enfermeiros SUS:  100.0<br>Enfermeiros a cada 10k habitantes:  5.49,Capoeiras<br><br>População:  20048<br>Médicos SUS:  6<br>Médicos não-SUS:  0<br>Médicos - Total:  6<br>% de médicos SUS:  100.0<br>Médicos a cada 10k habitantes:  2.99,Capoeiras<br><br>População:  20048<br>Hospitais públicos:  1<br>Hospitais não-públicos:  0<br>Hospitais - Total:  1<br>% de hospitais públicos:  100.0<br>Hospitais a cada 100k habitantes:  4.99,Capoeiras<br><br>População:  20048<br>Leitos (internação) SUS:  40<br>Leitos (internação) não-SUS:  0<br>Leitos (internação) - Total:  40<br>% de leitos (internação) SUS:  100.0<br>Leitos (internação) a cada 10k habitantes:  19.95,Capoeiras<br><br>População:  20048<br>Leitos UTI SUS:  0<br>Leitos UTI não-SUS:  0<br>Leitos UTI - Total:  0<br>% de leitos UTI SUS:  0.0<br>Leitos UTI a cada 10k habitantes:  0.0,Capoeiras<br><br>População:  20048<br>Leitos UTI COVID-19 SUS:  0<br>Leitos UTI COVID-19 não-SUS:  0<br>Leitos UTI COVID-19 - Total:  0<br>% de leitos UTI COVID-19 SUS:  0.0<br>Leitos UTI COVID-19 a cada 10k habitantes:  0.0
1506,260390,Carnaíba,19551,PE,16,0,16,100.0,8.18,12,0,12,100.0,6.14,0,0,0,0.0,0.0,25,0,25,100.0,12.79,0,0,0,0.0,0.0,0,0,0,0.0,0.0,Carnaíba<br><br>População:  19551<br>Enfermeiros SUS:  16<br>Enfermeiros não-SUS:  0<br>Enfermeiros - Total:  16<br>% de enfermeiros SUS:  100.0<br>Enfermeiros a cada 10k habitantes:  8.18,Carnaíba<br><br>População:  19551<br>Médicos SUS:  12<br>Médicos não-SUS:  0<br>Médicos - Total:  12<br>% de médicos SUS:  100.0<br>Médicos a cada 10k habitantes:  6.14,Carnaíba<br><br>População:  19551<br>Hospitais públicos:  0<br>Hospitais não-públicos:  0<br>Hospitais - Total:  0<br>% de hospitais públicos:  0.0<br>Hospitais a cada 100k habitantes:  0.0,Carnaíba<br><br>População:  19551<br>Leitos (internação) SUS:  25<br>Leitos (internação) não-SUS:  0<br>Leitos (internação) - Total:  25<br>% de leitos (internação) SUS:  100.0<br>Leitos (internação) a cada 10k habitantes:  12.79,Carnaíba<br><br>População:  19551<br>Leitos UTI SUS:  0<br>Leitos UTI não-SUS:  0<br>Leitos UTI - Total:  0<br>% de leitos UTI SUS:  0.0<br>Leitos UTI a cada 10k habitantes:  0.0,Carnaíba<br><br>População:  19551<br>Leitos UTI COVID-19 SUS:  0<br>Leitos UTI COVID-19 não-SUS:  0<br>Leitos UTI COVID-19 - Total:  0<br>% de leitos UTI COVID-19 SUS:  0.0<br>Leitos UTI COVID-19 a cada 10k habitantes:  0.0
1507,260392,Carnaubeira da Penha,12932,PE,11,0,11,100.0,8.51,8,0,8,100.0,6.19,0,0,0,0.0,0.0,11,0,11,100.0,8.51,0,0,0,0.0,0.0,0,0,0,0.0,0.0,Carnaubeira da Penha<br><br>População:  12932<br>Enfermeiros SUS:  11<br>Enfermeiros não-SUS:  0<br>Enfermeiros - Total:  11<br>% de enfermeiros SUS:  100.0<br>Enfermeiros a cada 10k habitantes:  8.51,Carnaubeira da Penha<br><br>População:  12932<br>Médicos SUS:  8<br>Médicos não-SUS:  0<br>Médicos - Total:  8<br>% de médicos SUS:  100.0<br>Médicos a cada 10k habitantes:  6.19,Carnaubeira da Penha<br><br>População:  12932<br>Hospitais públicos:  0<br>Hospitais não-públicos:  0<br>Hospitais - Total:  0<br>% de hospitais públicos:  0.0<br>Hospitais a cada 100k habitantes:  0.0,Carnaubeira da Penha<br><br>População:  12932<br>Leitos (internação) SUS:  11<br>Leitos (internação) não-SUS:  0<br>Leitos (internação) - Total:  11<br>% de leitos (internação) SUS:  100.0<br>Leitos (internação) a cada 10k habitantes:  8.51,Carnaubeira da Penha<br><br>População:  12932<br>Leitos UTI SUS:  0<br>Leitos UTI não-SUS:  0<br>Leitos UTI - Total:  0<br>% de leitos UTI SUS:  0.0<br>Leitos UTI a cada 10k habitantes:  0.0,Carnaubeira da Penha<br><br>População:  12932<br>Leitos UTI COVID-19 SUS:  0<br>Leitos UTI COVID-19 não-SUS:  0<br>Leitos UTI COVID-19 - Total:  0<br>% de leitos UTI COVID-19 SUS:  0.0<br>Leitos UTI COVID-19 a cada 10k habitantes:  0.0
1508,260400,Carpina,83641,PE,57,0,57,100.0,6.81,86,41,127,67.72,15.18,0,1,1,0.0,1.2,112,2,114,98.25,13.63,3,0,3,100.0,0.36,0,0,0,0.0,0.0,Carpina<br><br>População:  83641<br>Enfermeiros SUS:  57<br>Enfermeiros não-SUS:  0<br>Enfermeiros - Total:  57<br>% de enfermeiros SUS:  100.0<br>Enfermeiros a cada 10k habitantes:  6.81,Carpina<br><br>População:  83641<br>Médicos SUS:  86<br>Médicos não-SUS:  41<br>Médicos - Total:  127<br>% de médicos SUS:  67.72<br>Médicos a cada 10k habitantes:  15.18,Carpina<br><br>População:  83641<br>Hospitais públicos:  0<br>Hospitais não-públicos:  1<br>Hospitais - Total:  1<br>% de hospitais públicos:  0.0<br>Hospitais a cada 100k habitantes:  1.2,Carpina<br><br>População:  83641<br>Leitos (internação) SUS:  112<br>Leitos (internação) não-SUS:  2<br>Leitos (internação) - Total:  114<br>% de leitos (internação) SUS:  98.25<br>Leitos (internação) a cada 10k habitantes:  13.63,Carpina<br><br>População:  83641<br>Leitos UTI SUS:  3<br>Leitos UTI não-SUS:  0<br>Leitos UTI - Total:  3<br>% de leitos UTI SUS:  100.0<br>Leitos UTI a cada 10k habitantes:  0.36,Carpina<br><br>População:  83641<br>Leitos UTI COVID-19 SUS:  0<br>Leitos UTI COVID-19 não-SUS:  0<br>Leitos UTI COVID-19 - Total:  0<br>% de leitos UTI COVID-19 SUS:  0.0<br>Leitos UTI COVID-19 a cada 10k habitantes:  0.0
1509,260410,Caruaru,361118,PE,784,40,824,95.15,22.82,717,201,918,78.1,25.42,7,8,15,46.67,4.15,652,225,877,74.34,24.29,151,69,220,68.64,6.09,30,20,50,60.0,1.38,Caruaru<br><br>População:  361118<br>Enfermeiros SUS:  784<br>Enfermeiros não-SUS:  40<br>Enfermeiros - Total:  824<br>% de enfermeiros SUS:  95.15<br>Enfermeiros a cada 10k habitantes:  22.82,Caruaru<br><br>População:  361118<br>Médicos SUS:  717<br>Médicos não-SUS:  201<br>Médicos - Total:  918<br>% de médicos SUS:  78.1<br>Médicos a cada 10k habitantes:  25.42,Caruaru<br><br>População:  361118<br>Hospitais públicos:  7<br>Hospitais não-públicos:  8<br>Hospitais - Total:  15<br>% de hospitais públicos:  46.67<br>Hospitais a cada 100k habitantes:  4.15,Caruaru<br><br>População:  361118<br>Leitos (internação) SUS:  652<br>Leitos (internação) não-SUS:  225<br>Leitos (internação) - Total:  877<br>% de leitos (internação) SUS:  74.34<br>Leitos (internação) a cada 10k habitantes:  24.29,Caruaru<br><br>População:  361118<br>Leitos UTI SUS:  151<br>Leitos UTI não-SUS:  69<br>Leitos UTI - Total:  220<br>% de leitos UTI SUS:  68.64<br>Leitos UTI a cada 10k habitantes:  6.09,Caruaru<br><br>População:  361118<br>Leitos UTI COVID-19 SUS:  30<br>Leitos UTI COVID-19 não-SUS:  20<br>Leitos UTI COVID-19 - Total:  50<br>% de leitos UTI COVID-19 SUS:  60.0<br>Leitos UTI COVID-19 a cada 10k habitantes:  1.38
1510,260415,Casinhas,14341,PE,10,0,10,100.0,6.97,16,0,16,100.0,11.16,0,0,0,0.0,0.0,35,0,35,100.0,24.41,0,0,0,0.0,0.0,0,0,0,0.0,0.0,Casinhas<br><br>População:  14341<br>Enfermeiros SUS:  10<br>Enfermeiros não-SUS:  0<br>Enfermeiros - Total:  10<br>% de enfermeiros SUS:  100.0<br>Enfermeiros a cada 10k habitantes:  6.97,Casinhas<br><br>População:  14341<br>Médicos SUS:  16<br>Médicos não-SUS:  0<br>Médicos - Total:  16<br>% de médicos SUS:  100.0<br>Médicos a cada 10k habitantes:  11.16,Casinhas<br><br>População:  14341<br>Hospitais públicos:  0<br>Hospitais não-públicos:  0<br>Hospitais - Total:  0<br>% de hospitais públicos:  0.0<br>Hospitais a cada 100k habitantes:  0.0,Casinhas<br><br>População:  14341<br>Leitos (internação) SUS:  35<br>Leitos (internação) não-SUS:  0<br>Leitos (internação) - Total:  35<br>% de leitos (internação) SUS:  100.0<br>Leitos (internação) a cada 10k habitantes:  24.41,Casinhas<br><br>População:  14341<br>Leitos UTI SUS:  0<br>Leitos UTI não-SUS:  0<br>Leitos UTI - Total:  0<br>% de leitos UTI SUS:  0.0<br>Leitos UTI a cada 10k habitantes:  0.0,Casinhas<br><br>População:  14341<br>Leitos UTI COVID-19 SUS:  0<br>Leitos UTI COVID-19 não-SUS:  0<br>Leitos UTI COVID-19 - Total:  0<br>% de leitos UTI COVID-19 SUS:  0.0<br>Leitos UTI COVID-19 a cada 10k habitantes:  0.0
1511,260420,Catende,42892,PE,12,0,12,100.0,2.8,10,0,10,100.0,2.33,0,0,0,0.0,0.0,27,0,27,100.0,6.29,0,0,0,0.0,0.0,0,0,0,0.0,0.0,Catende<br><br>População:  42892<br>Enfermeiros SUS:  12<br>Enfermeiros não-SUS:  0<br>Enfermeiros - Total:  12<br>% de enfermeiros SUS:  100.0<br>Enfermeiros a cada 10k habitantes:  2.8,Catende<br><br>População:  42892<br>Médicos SUS:  10<br>Médicos não-SUS:  0<br>Médicos - Total:  10<br>% de médicos SUS:  100.0<br>Médicos a cada 10k habitantes:  2.33,Catende<br><br>População:  42892<br>Hospitais públicos:  0<br>Hospitais não-públicos:  0<br>Hospitais - Total:  0<br>% de hospitais públicos:  0.0<br>Hospitais a cada 100k habitantes:  0.0,Catende<br><br>População:  42892<br>Leitos (internação) SUS:  27<br>Leitos (internação) não-SUS:  0<br>Leitos (internação) - Total:  27<br>% de leitos (internação) SUS:  100.0<br>Leitos (internação) a cada 10k habitantes:  6.29,Catende<br><br>População:  42892<br>Leitos UTI SUS:  0<br>Leitos UTI não-SUS:  0<br>Leitos UTI - Total:  0<br>% de leitos UTI SUS:  0.0<br>Leitos UTI a cada 10k habitantes:  0.0,Catende<br><br>População:  42892<br>Leitos UTI COVID-19 SUS:  0<br>Leitos UTI COVID-19 não-SUS:  0<br>Leitos UTI COVID-19 - Total:  0<br>% de leitos UTI COVID-19 SUS:  0.0<br>Leitos UTI COVID-19 a cada 10k habitantes:  0.0
1512,260430,Cedro,11807,PE,13,0,13,100.0,11.01,12,0,12,100.0,10.16,0,0,0,0.0,0.0,18,0,18,100.0,15.25,0,0,0,0.0,0.0,0,0,0,0.0,0.0,Cedro<br><br>População:  11807<br>Enfermeiros SUS:  13<br>Enfermeiros não-SUS:  0<br>Enfermeiros - Total:  13<br>% de enfermeiros SUS:  100.0<br>Enfermeiros a cada 10k habitantes:  11.01,Cedro<br><br>População:  11807<br>Médicos SUS:  12<br>Médicos não-SUS:  0<br>Médicos - Total:  12<br>% de médicos SUS:  100.0<br>Médicos a cada 10k habitantes:  10.16,Cedro<br><br>População:  11807<br>Hospitais públicos:  0<br>Hospitais não-públicos:  0<br>Hospitais - Total:  0<br>% de hospitais públicos:  0.0<br>Hospitais a cada 100k habitantes:  0.0,Cedro<br><br>População:  11807<br>Leitos (internação) SUS:  18<br>Leitos (internação) não-SUS:  0<br>Leitos (internação) - Total:  18<br>% de leitos (internação) SUS:  100.0<br>Leitos (internação) a cada 10k habitantes:  15.25,Cedro<br><br>População:  11807<br>Leitos UTI SUS:  0<br>Leitos UTI não-SUS:  0<br>Leitos UTI - Total:  0<br>% de leitos UTI SUS:  0.0<br>Leitos UTI a cada 10k habitantes:  0.0,Cedro<br><br>População:  11807<br>Leitos UTI COVID-19 SUS:  0<br>Leitos UTI COVID-19 não-SUS:  0<br>Leitos UTI COVID-19 - Total:  0<br>% de leitos UTI COVID-19 SUS:  0.0<br>Leitos UTI COVID-19 a cada 10k habitantes:  0.0
1513,260440,Chã de Alegria,13518,PE,11,0,11,100.0,8.14,18,0,18,100.0,13.32,0,0,0,0.0,0.0,19,0,19,100.0,14.06,0,0,0,0.0,0.0,0,0,0,0.0,0.0,Chã de Alegria<br><br>População:  13518<br>Enfermeiros SUS:  11<br>Enfermeiros não-SUS:  0<br>Enfermeiros - Total:  11<br>% de enfermeiros SUS:  100.0<br>Enfermeiros a cada 10k habitantes:  8.14,Chã de Alegria<br><br>População:  13518<br>Médicos SUS:  18<br>Médicos não-SUS:  0<br>Médicos - Total:  18<br>% de médicos SUS:  100.0<br>Médicos a cada 10k habitantes:  13.32,Chã de Alegria<br><br>População:  13518<br>Hospitais públicos:  0<br>Hospitais não-públicos:  0<br>Hospitais - Total:  0<br>% de hospitais públicos:  0.0<br>Hospitais a cada 100k habitantes:  0.0,Chã de Alegria<br><br>População:  13518<br>Leitos (internação) SUS:  19<br>Leitos (internação) não-SUS:  0<br>Leitos (internação) - Total:  19<br>% de leitos (internação) SUS:  100.0<br>Leitos (internação) a cada 10k habitantes:  14.06,Chã de Alegria<br><br>População:  13518<br>Leitos UTI SUS:  0<br>Leitos UTI não-SUS:  0<br>Leitos UTI - Total:  0<br>% de leitos UTI SUS:  0.0<br>Leitos UTI a cada 10k habitantes:  0.0,Chã de Alegria<br><br>População:  13518<br>Leitos UTI COVID-19 SUS:  0<br>Leitos UTI COVID-19 não-SUS:  0<br>Leitos UTI COVID-19 - Total:  0<br>% de leitos UTI COVID-19 SUS:  0.0<br>Leitos UTI COVID-19 a cada 10k habitantes:  0.0
1514,260450,Chã Grande,21698,PE,11,0,11,100.0,5.07,16,0,16,100.0,7.37,1,0,1,100.0,4.61,38,2,40,95.0,18.43,5,0,5,100.0,2.3,0,0,0,0.0,0.0,Chã Grande<br><br>População:  21698<br>Enfermeiros SUS:  11<br>Enfermeiros não-SUS:  0<br>Enfermeiros - Total:  11<br>% de enfermeiros SUS:  100.0<br>Enfermeiros a cada 10k habitantes:  5.07,Chã Grande<br><br>População:  21698<br>Médicos SUS:  16<br>Médicos não-SUS:  0<br>Médicos - Total:  16<br>% de médicos SUS:  100.0<br>Médicos a cada 10k habitantes:  7.37,Chã Grande<br><br>População:  21698<br>Hospitais públicos:  1<br>Hospitais não-públicos:  0<br>Hospitais - Total:  1<br>% de hospitais públicos:  100.0<br>Hospitais a cada 100k habitantes:  4.61,Chã Grande<br><br>População:  21698<br>Leitos (internação) SUS:  38<br>Leitos (internação) não-SUS:  2<br>Leitos (internação) - Total:  40<br>% de leitos (internação) SUS:  95.0<br>Leitos (internação) a cada 10k habitantes:  18.43,Chã Grande<br><br>População:  21698<br>Leitos UTI SUS:  5<br>Leitos UTI não-SUS:  0<br>Leitos UTI - Total:  5<br>% de leitos UTI SUS:  100.0<br>Leitos UTI a cada 10k habitantes:  2.3,Chã Grande<br><br>População:  21698<br>Leitos UTI COVID-19 SUS:  0<br>Leitos UTI COVID-19 não-SUS:  0<br>Leitos UTI COVID-19 - Total:  0<br>% de leitos UTI COVID-19 SUS:  0.0<br>Leitos UTI COVID-19 a cada 10k habitantes:  0.0
1515,260460,Condado,26421,PE,17,0,17,100.0,6.43,12,0,12,100.0,4.54,1,0,1,100.0,3.78,21,0,21,100.0,7.95,0,0,0,0.0,0.0,0,0,0,0.0,0.0,Condado<br><br>População:  26421<br>Enfermeiros SUS:  17<br>Enfermeiros não-SUS:  0<br>Enfermeiros - Total:  17<br>% de enfermeiros SUS:  100.0<br>Enfermeiros a cada 10k habitantes:  6.43,Condado<br><br>População:  26421<br>Médicos SUS:  12<br>Médicos não-SUS:  0<br>Médicos - Total:  12<br>% de médicos SUS:  100.0<br>Médicos a cada 10k habitantes:  4.54,Condado<br><br>População:  26421<br>Hospitais públicos:  1<br>Hospitais não-públicos:  0<br>Hospitais - Total:  1<br>% de hospitais públicos:  100.0<br>Hospitais a cada 100k habitantes:  3.78,Condado<br><br>População:  26421<br>Leitos (internação) SUS:  21<br>Leitos (internação) não-SUS:  0<br>Leitos (internação) - Total:  21<br>% de leitos (internação) SUS:  100.0<br>Leitos (internação) a cada 10k habitantes:  7.95,Condado<br><br>População:  26421<br>Leitos UTI SUS:  0<br>Leitos UTI não-SUS:  0<br>Leitos UTI - Total:  0<br>% de leitos UTI SUS:  0.0<br>Leitos UTI a cada 10k habitantes:  0.0,Condado<br><br>População:  26421<br>Leitos UTI COVID-19 SUS:  0<br>Leitos UTI COVID-19 não-SUS:  0<br>Leitos UTI COVID-19 - Total:  0<br>% de leitos UTI COVID-19 SUS:  0.0<br>Leitos UTI COVID-19 a cada 10k habitantes:  0.0
1516,260470,Correntes,18207,PE,12,0,12,100.0,6.59,8,0,8,100.0,4.39,1,0,1,100.0,5.49,29,0,29,100.0,15.93,0,0,0,0.0,0.0,0,0,0,0.0,0.0,Correntes<br><br>População:  18207<br>Enfermeiros SUS:  12<br>Enfermeiros não-SUS:  0<br>Enfermeiros - Total:  12<br>% de enfermeiros SUS:  100.0<br>Enfermeiros a cada 10k habitantes:  6.59,Correntes<br><br>População:  18207<br>Médicos SUS:  8<br>Médicos não-SUS:  0<br>Médicos - Total:  8<br>% de médicos SUS:  100.0<br>Médicos a cada 10k habitantes:  4.39,Correntes<br><br>População:  18207<br>Hospitais públicos:  1<br>Hospitais não-públicos:  0<br>Hospitais - Total:  1<br>% de hospitais públicos:  100.0<br>Hospitais a cada 100k habitantes:  5.49,Correntes<br><br>População:  18207<br>Leitos (internação) SUS:  29<br>Leitos (internação) não-SUS:  0<br>Leitos (internação) - Total:  29<br>% de leitos (internação) SUS:  100.0<br>Leitos (internação) a cada 10k habitantes:  15.93,Correntes<br><br>População:  18207<br>Leitos UTI SUS:  0<br>Leitos UTI não-SUS:  0<br>Leitos UTI - Total:  0<br>% de leitos UTI SUS:  0.0<br>Leitos UTI a cada 10k habitantes:  0.0,Correntes<br><br>População:  18207<br>Leitos UTI COVID-19 SUS:  0<br>Leitos UTI COVID-19 não-SUS:  0<br>Leitos UTI COVID-19 - Total:  0<br>% de leitos UTI COVID-19 SUS:  0.0<br>Leitos UTI COVID-19 a cada 10k habitantes:  0.0
1517,260480,Cortês,12578,PE,15,0,15,100.0,11.93,5,0,5,100.0,3.98,1,0,1,100.0,7.95,39,0,39,100.0,31.01,0,0,0,0.0,0.0,0,0,0,0.0,0.0,Cortês<br><br>População:  12578<br>Enfermeiros SUS:  15<br>Enfermeiros não-SUS:  0<br>Enfermeiros - Total:  15<br>% de enfermeiros SUS:  100.0<br>Enfermeiros a cada 10k habitantes:  11.93,Cortês<br><br>População:  12578<br>Médicos SUS:  5<br>Médicos não-SUS:  0<br>Médicos - Total:  5<br>% de médicos SUS:  100.0<br>Médicos a cada 10k habitantes:  3.98,Cortês<br><br>População:  12578<br>Hospitais públicos:  1<br>Hospitais não-públicos:  0<br>Hospitais - Total:  1<br>% de hospitais públicos:  100.0<br>Hospitais a cada 100k habitantes:  7.95,Cortês<br><br>População:  12578<br>Leitos (internação) SUS:  39<br>Leitos (internação) não-SUS:  0<br>Leitos (internação) - Total:  39<br>% de leitos (internação) SUS:  100.0<br>Leitos (internação) a cada 10k habitantes:  31.01,Cortês<br><br>População:  12578<br>Leitos UTI SUS:  0<br>Leitos UTI não-SUS:  0<br>Leitos UTI - Total:  0<br>% de leitos UTI SUS:  0.0<br>Leitos UTI a cada 10k habitantes:  0.0,Cortês<br><br>População:  12578<br>Leitos UTI COVID-19 SUS:  0<br>Leitos UTI COVID-19 não-SUS:  0<br>Leitos UTI COVID-19 - Total:  0<br>% de leitos UTI COVID-19 SUS:  0.0<br>Leitos UTI COVID-19 a cada 10k habitantes:  0.0
1518,260490,Cumaru,10906,PE,9,0,9,100.0,8.25,7,0,7,100.0,6.42,0,0,0,0.0,0.0,21,0,21,100.0,19.26,0,0,0,0.0,0.0,0,0,0,0.0,0.0,Cumaru<br><br>População:  10906<br>Enfermeiros SUS:  9<br>Enfermeiros não-SUS:  0<br>Enfermeiros - Total:  9<br>% de enfermeiros SUS:  100.0<br>Enfermeiros a cada 10k habitantes:  8.25,Cumaru<br><br>População:  10906<br>Médicos SUS:  7<br>Médicos não-SUS:  0<br>Médicos - Total:  7<br>% de médicos SUS:  100.0<br>Médicos a cada 10k habitantes:  6.42,Cumaru<br><br>População:  10906<br>Hospitais públicos:  0<br>Hospitais não-públicos:  0<br>Hospitais - Total:  0<br>% de hospitais públicos:  0.0<br>Hospitais a cada 100k habitantes:  0.0,Cumaru<br><br>População:  10906<br>Leitos (internação) SUS:  21<br>Leitos (internação) não-SUS:  0<br>Leitos (internação) - Total:  21<br>% de leitos (internação) SUS:  100.0<br>Leitos (internação) a cada 10k habitantes:  19.26,Cumaru<br><br>População:  10906<br>Leitos UTI SUS:  0<br>Leitos UTI não-SUS:  0<br>Leitos UTI - Total:  0<br>% de leitos UTI SUS:  0.0<br>Leitos UTI a cada 10k habitantes:  0.0,Cumaru<br><br>População:  10906<br>Leitos UTI COVID-19 SUS:  0<br>Leitos UTI COVID-19 não-SUS:  0<br>Leitos UTI COVID-19 - Total:  0<br>% de leitos UTI COVID-19 SUS:  0.0<br>Leitos UTI COVID-19 a cada 10k habitantes:  0.0
1519,260500,Cupira,24107,PE,23,0,23,100.0,9.54,9,0,9,100.0,3.73,1,0,1,100.0,4.15,20,0,20,100.0,8.3,0,0,0,0.0,0.0,0,0,0,0.0,0.0,Cupira<br><br>População:  24107<br>Enfermeiros SUS:  23<br>Enfermeiros não-SUS:  0<br>Enfermeiros - Total:  23<br>% de enfermeiros SUS:  100.0<br>Enfermeiros a cada 10k habitantes:  9.54,Cupira<br><br>População:  24107<br>Médicos SUS:  9<br>Médicos não-SUS:  0<br>Médicos - Total:  9<br>% de médicos SUS:  100.0<br>Médicos a cada 10k habitantes:  3.73,Cupira<br><br>População:  24107<br>Hospitais públicos:  1<br>Hospitais não-públicos:  0<br>Hospitais - Total:  1<br>% de hospitais públicos:  100.0<br>Hospitais a cada 100k habitantes:  4.15,Cupira<br><br>População:  24107<br>Leitos (internação) SUS:  20<br>Leitos (internação) não-SUS:  0<br>Leitos (internação) - Total:  20<br>% de leitos (internação) SUS:  100.0<br>Leitos (internação) a cada 10k habitantes:  8.3,Cupira<br><br>População:  24107<br>Leitos UTI SUS:  0<br>Leitos UTI não-SUS:  0<br>Leitos UTI - Total:  0<br>% de leitos UTI SUS:  0.0<br>Leitos UTI a cada 10k habitantes:  0.0,Cupira<br><br>População:  24107<br>Leitos UTI COVID-19 SUS:  0<br>Leitos UTI COVID-19 não-SUS:  0<br>Leitos UTI COVID-19 - Total:  0<br>% de leitos UTI COVID-19 SUS:  0.0<br>Leitos UTI COVID-19 a cada 10k habitantes:  0.0
1520,260510,Custódia,37111,PE,31,2,33,93.94,8.89,13,2,15,86.67,4.04,0,1,1,0.0,2.69,49,38,87,56.32,23.44,0,0,0,0.0,0.0,0,0,0,0.0,0.0,Custódia<br><br>População:  37111<br>Enfermeiros SUS:  31<br>Enfermeiros não-SUS:  2<br>Enfermeiros - Total:  33<br>% de enfermeiros SUS:  93.94<br>Enfermeiros a cada 10k habitantes:  8.89,Custódia<br><br>População:  37111<br>Médicos SUS:  13<br>Médicos não-SUS:  2<br>Médicos - Total:  15<br>% de médicos SUS:  86.67<br>Médicos a cada 10k habitantes:  4.04,Custódia<br><br>População:  37111<br>Hospitais públicos:  0<br>Hospitais não-públicos:  1<br>Hospitais - Total:  1<br>% de hospitais públicos:  0.0<br>Hospitais a cada 100k habitantes:  2.69,Custódia<br><br>População:  37111<br>Leitos (internação) SUS:  49<br>Leitos (internação) não-SUS:  38<br>Leitos (internação) - Total:  87<br>% de leitos (internação) SUS:  56.32<br>Leitos (internação) a cada 10k habitantes:  23.44,Custódia<br><br>População:  37111<br>Leitos UTI SUS:  0<br>Leitos UTI não-SUS:  0<br>Leitos UTI - Total:  0<br>% de leitos UTI SUS:  0.0<br>Leitos UTI a cada 10k habitantes:  0.0,Custódia<br><br>População:  37111<br>Leitos UTI COVID-19 SUS:  0<br>Leitos UTI COVID-19 não-SUS:  0<br>Leitos UTI COVID-19 - Total:  0<br>% de leitos UTI COVID-19 SUS:  0.0<br>Leitos UTI COVID-19 a cada 10k habitantes:  0.0
1521,260515,Dormentes,18908,PE,12,0,12,100.0,6.35,17,0,17,100.0,8.99,1,0,1,100.0,5.29,27,0,27,100.0,14.28,0,0,0,0.0,0.0,0,0,0,0.0,0.0,Dormentes<br><br>População:  18908<br>Enfermeiros SUS:  12<br>Enfermeiros não-SUS:  0<br>Enfermeiros - Total:  12<br>% de enfermeiros SUS:  100.0<br>Enfermeiros a cada 10k habitantes:  6.35,Dormentes<br><br>População:  18908<br>Médicos SUS:  17<br>Médicos não-SUS:  0<br>Médicos - Total:  17<br>% de médicos SUS:  100.0<br>Médicos a cada 10k habitantes:  8.99,Dormentes<br><br>População:  18908<br>Hospitais públicos:  1<br>Hospitais não-públicos:  0<br>Hospitais - Total:  1<br>% de hospitais públicos:  100.0<br>Hospitais a cada 100k habitantes:  5.29,Dormentes<br><br>População:  18908<br>Leitos (internação) SUS:  27<br>Leitos (internação) não-SUS:  0<br>Leitos (internação) - Total:  27<br>% de leitos (internação) SUS:  100.0<br>Leitos (internação) a cada 10k habitantes:  14.28,Dormentes<br><br>População:  18908<br>Leitos UTI SUS:  0<br>Leitos UTI não-SUS:  0<br>Leitos UTI - Total:  0<br>% de leitos UTI SUS:  0.0<br>Leitos UTI a cada 10k habitantes:  0.0,Dormentes<br><br>População:  18908<br>Leitos UTI COVID-19 SUS:  0<br>Leitos UTI COVID-19 não-SUS:  0<br>Leitos UTI COVID-19 - Total:  0<br>% de leitos UTI COVID-19 SUS:  0.0<br>Leitos UTI COVID-19 a cada 10k habitantes:  0.0
1522,260520,Escada,68875,PE,29,0,29,100.0,4.21,35,6,41,85.37,5.95,1,1,2,50.0,2.9,51,32,83,61.45,12.05,0,0,0,0.0,0.0,0,0,0,0.0,0.0,Escada<br><br>População:  68875<br>Enfermeiros SUS:  29<br>Enfermeiros não-SUS:  0<br>Enfermeiros - Total:  29<br>% de enfermeiros SUS:  100.0<br>Enfermeiros a cada 10k habitantes:  4.21,Escada<br><br>População:  68875<br>Médicos SUS:  35<br>Médicos não-SUS:  6<br>Médicos - Total:  41<br>% de médicos SUS:  85.37<br>Médicos a cada 10k habitantes:  5.95,Escada<br><br>População:  68875<br>Hospitais públicos:  1<br>Hospitais não-públicos:  1<br>Hospitais - Total:  2<br>% de hospitais públicos:  50.0<br>Hospitais a cada 100k habitantes:  2.9,Escada<br><br>População:  68875<br>Leitos (internação) SUS:  51<br>Leitos (internação) não-SUS:  32<br>Leitos (internação) - Total:  83<br>% de leitos (internação) SUS:  61.45<br>Leitos (internação) a cada 10k habitantes:  12.05,Escada<br><br>População:  68875<br>Leitos UTI SUS:  0<br>Leitos UTI não-SUS:  0<br>Leitos UTI - Total:  0<br>% de leitos UTI SUS:  0.0<br>Leitos UTI a cada 10k habitantes:  0.0,Escada<br><br>População:  68875<br>Leitos UTI COVID-19 SUS:  0<br>Leitos UTI COVID-19 não-SUS:  0<br>Leitos UTI COVID-19 - Total:  0<br>% de leitos UTI COVID-19 SUS:  0.0<br>Leitos UTI COVID-19 a cada 10k habitantes:  0.0
1523,260530,Exu,31825,PE,26,0,26,100.0,8.17,32,0,32,100.0,10.05,1,0,1,100.0,3.14,42,0,42,100.0,13.2,0,0,0,0.0,0.0,0,0,0,0.0,0.0,Exu<br><br>População:  31825<br>Enfermeiros SUS:  26<br>Enfermeiros não-SUS:  0<br>Enfermeiros - Total:  26<br>% de enfermeiros SUS:  100.0<br>Enfermeiros a cada 10k habitantes:  8.17,Exu<br><br>População:  31825<br>Médicos SUS:  32<br>Médicos não-SUS:  0<br>Médicos - Total:  32<br>% de médicos SUS:  100.0<br>Médicos a cada 10k habitantes:  10.05,Exu<br><br>População:  31825<br>Hospitais públicos:  1<br>Hospitais não-públicos:  0<br>Hospitais - Total:  1<br>% de hospitais públicos:  100.0<br>Hospitais a cada 100k habitantes:  3.14,Exu<br><br>População:  31825<br>Leitos (internação) SUS:  42<br>Leitos (internação) não-SUS:  0<br>Leitos (internação) - Total:  42<br>% de leitos (internação) SUS:  100.0<br>Leitos (internação) a cada 10k habitantes:  13.2,Exu<br><br>População:  31825<br>Leitos UTI SUS:  0<br>Leitos UTI não-SUS:  0<br>Leitos UTI - Total:  0<br>% de leitos UTI SUS:  0.0<br>Leitos UTI a cada 10k habitantes:  0.0,Exu<br><br>População:  31825<br>Leitos UTI COVID-19 SUS:  0<br>Leitos UTI COVID-19 não-SUS:  0<br>Leitos UTI COVID-19 - Total:  0<br>% de leitos UTI COVID-19 SUS:  0.0<br>Leitos UTI COVID-19 a cada 10k habitantes:  0.0
1524,260540,Feira Nova,22131,PE,25,0,25,100.0,11.3,17,0,17,100.0,7.68,2,0,2,100.0,9.04,28,0,28,100.0,12.65,0,0,0,0.0,0.0,0,0,0,0.0,0.0,Feira Nova<br><br>População:  22131<br>Enfermeiros SUS:  25<br>Enfermeiros não-SUS:  0<br>Enfermeiros - Total:  25<br>% de enfermeiros SUS:  100.0<br>Enfermeiros a cada 10k habitantes:  11.3,Feira Nova<br><br>População:  22131<br>Médicos SUS:  17<br>Médicos não-SUS:  0<br>Médicos - Total:  17<br>% de médicos SUS:  100.0<br>Médicos a cada 10k habitantes:  7.68,Feira Nova<br><br>População:  22131<br>Hospitais públicos:  2<br>Hospitais não-públicos:  0<br>Hospitais - Total:  2<br>% de hospitais públicos:  100.0<br>Hospitais a cada 100k habitantes:  9.04,Feira Nova<br><br>População:  22131<br>Leitos (internação) SUS:  28<br>Leitos (internação) não-SUS:  0<br>Leitos (internação) - Total:  28<br>% de leitos (internação) SUS:  100.0<br>Leitos (internação) a cada 10k habitantes:  12.65,Feira Nova<br><br>População:  22131<br>Leitos UTI SUS:  0<br>Leitos UTI não-SUS:  0<br>Leitos UTI - Total:  0<br>% de leitos UTI SUS:  0.0<br>Leitos UTI a cada 10k habitantes:  0.0,Feira Nova<br><br>População:  22131<br>Leitos UTI COVID-19 SUS:  0<br>Leitos UTI COVID-19 não-SUS:  0<br>Leitos UTI COVID-19 - Total:  0<br>% de leitos UTI COVID-19 SUS:  0.0<br>Leitos UTI COVID-19 a cada 10k habitantes:  0.0
1525,260545,Fernando de Noronha,3061,PE,12,0,12,100.0,39.2,13,0,13,100.0,42.47,1,0,1,100.0,32.67,17,0,17,100.0,55.54,0,0,0,0.0,0.0,0,0,0,0.0,0.0,Fernando de Noronha<br><br>População:  3061<br>Enfermeiros SUS:  12<br>Enfermeiros não-SUS:  0<br>Enfermeiros - Total:  12<br>% de enfermeiros SUS:  100.0<br>Enfermeiros a cada 10k habitantes:  39.2,Fernando de Noronha<br><br>População:  3061<br>Médicos SUS:  13<br>Médicos não-SUS:  0<br>Médicos - Total:  13<br>% de médicos SUS:  100.0<br>Médicos a cada 10k habitantes:  42.47,Fernando de Noronha<br><br>População:  3061<br>Hospitais públicos:  1<br>Hospitais não-públicos:  0<br>Hospitais - Total:  1<br>% de hospitais públicos:  100.0<br>Hospitais a cada 100k habitantes:  32.67,Fernando de Noronha<br><br>População:  3061<br>Leitos (internação) SUS:  17<br>Leitos (internação) não-SUS:  0<br>Leitos (internação) - Total:  17<br>% de leitos (internação) SUS:  100.0<br>Leitos (internação) a cada 10k habitantes:  55.54,Fernando de Noronha<br><br>População:  3061<br>Leitos UTI SUS:  0<br>Leitos UTI não-SUS:  0<br>Leitos UTI - Total:  0<br>% de leitos UTI SUS:  0.0<br>Leitos UTI a cada 10k habitantes:  0.0,Fernando de Noronha<br><br>População:  3061<br>Leitos UTI COVID-19 SUS:  0<br>Leitos UTI COVID-19 não-SUS:  0<br>Leitos UTI COVID-19 - Total:  0<br>% de leitos UTI COVID-19 SUS:  0.0<br>Leitos UTI COVID-19 a cada 10k habitantes:  0.0
1526,260550,Ferreiros,12123,PE,7,0,7,100.0,5.77,7,0,7,100.0,5.77,0,0,0,0.0,0.0,7,0,7,100.0,5.77,0,0,0,0.0,0.0,0,0,0,0.0,0.0,Ferreiros<br><br>População:  12123<br>Enfermeiros SUS:  7<br>Enfermeiros não-SUS:  0<br>Enfermeiros - Total:  7<br>% de enfermeiros SUS:  100.0<br>Enfermeiros a cada 10k habitantes:  5.77,Ferreiros<br><br>População:  12123<br>Médicos SUS:  7<br>Médicos não-SUS:  0<br>Médicos - Total:  7<br>% de médicos SUS:  100.0<br>Médicos a cada 10k habitantes:  5.77,Ferreiros<br><br>População:  12123<br>Hospitais públicos:  0<br>Hospitais não-públicos:  0<br>Hospitais - Total:  0<br>% de hospitais públicos:  0.0<br>Hospitais a cada 100k habitantes:  0.0,Ferreiros<br><br>População:  12123<br>Leitos (internação) SUS:  7<br>Leitos (internação) não-SUS:  0<br>Leitos (internação) - Total:  7<br>% de leitos (internação) SUS:  100.0<br>Leitos (internação) a cada 10k habitantes:  5.77,Ferreiros<br><br>População:  12123<br>Leitos UTI SUS:  0<br>Leitos UTI não-SUS:  0<br>Leitos UTI - Total:  0<br>% de leitos UTI SUS:  0.0<br>Leitos UTI a cada 10k habitantes:  0.0,Ferreiros<br><br>População:  12123<br>Leitos UTI COVID-19 SUS:  0<br>Leitos UTI COVID-19 não-SUS:  0<br>Leitos UTI COVID-19 - Total:  0<br>% de leitos UTI COVID-19 SUS:  0.0<br>Leitos UTI COVID-19 a cada 10k habitantes:  0.0
1527,260560,Flores,22624,PE,13,0,13,100.0,5.75,10,0,10,100.0,4.42,0,0,0,0.0,0.0,33,0,33,100.0,14.59,0,0,0,0.0,0.0,0,0,0,0.0,0.0,Flores<br><br>População:  22624<br>Enfermeiros SUS:  13<br>Enfermeiros não-SUS:  0<br>Enfermeiros - Total:  13<br>% de enfermeiros SUS:  100.0<br>Enfermeiros a cada 10k habitantes:  5.75,Flores<br><br>População:  22624<br>Médicos SUS:  10<br>Médicos não-SUS:  0<br>Médicos - Total:  10<br>% de médicos SUS:  100.0<br>Médicos a cada 10k habitantes:  4.42,Flores<br><br>População:  22624<br>Hospitais públicos:  0<br>Hospitais não-públicos:  0<br>Hospitais - Total:  0<br>% de hospitais públicos:  0.0<br>Hospitais a cada 100k habitantes:  0.0,Flores<br><br>População:  22624<br>Leitos (internação) SUS:  33<br>Leitos (internação) não-SUS:  0<br>Leitos (internação) - Total:  33<br>% de leitos (internação) SUS:  100.0<br>Leitos (internação) a cada 10k habitantes:  14.59,Flores<br><br>População:  22624<br>Leitos UTI SUS:  0<br>Leitos UTI não-SUS:  0<br>Leitos UTI - Total:  0<br>% de leitos UTI SUS:  0.0<br>Leitos UTI a cada 10k habitantes:  0.0,Flores<br><br>População:  22624<br>Leitos UTI COVID-19 SUS:  0<br>Leitos UTI COVID-19 não-SUS:  0<br>Leitos UTI COVID-19 - Total:  0<br>% de leitos UTI COVID-19 SUS:  0.0<br>Leitos UTI COVID-19 a cada 10k habitantes:  0.0
1528,260570,Floresta,32873,PE,22,0,22,100.0,6.69,17,0,17,100.0,5.17,1,1,2,50.0,6.08,61,10,71,85.92,21.6,4,0,4,100.0,1.22,0,0,0,0.0,0.0,Floresta<br><br>População:  32873<br>Enfermeiros SUS:  22<br>Enfermeiros não-SUS:  0<br>Enfermeiros - Total:  22<br>% de enfermeiros SUS:  100.0<br>Enfermeiros a cada 10k habitantes:  6.69,Floresta<br><br>População:  32873<br>Médicos SUS:  17<br>Médicos não-SUS:  0<br>Médicos - Total:  17<br>% de médicos SUS:  100.0<br>Médicos a cada 10k habitantes:  5.17,Floresta<br><br>População:  32873<br>Hospitais públicos:  1<br>Hospitais não-públicos:  1<br>Hospitais - Total:  2<br>% de hospitais públicos:  50.0<br>Hospitais a cada 100k habitantes:  6.08,Floresta<br><br>População:  32873<br>Leitos (internação) SUS:  61<br>Leitos (internação) não-SUS:  10<br>Leitos (internação) - Total:  71<br>% de leitos (internação) SUS:  85.92<br>Leitos (internação) a cada 10k habitantes:  21.6,Floresta<br><br>População:  32873<br>Leitos UTI SUS:  4<br>Leitos UTI não-SUS:  0<br>Leitos UTI - Total:  4<br>% de leitos UTI SUS:  100.0<br>Leitos UTI a cada 10k habitantes:  1.22,Floresta<br><br>População:  32873<br>Leitos UTI COVID-19 SUS:  0<br>Leitos UTI COVID-19 não-SUS:  0<br>Leitos UTI COVID-19 - Total:  0<br>% de leitos UTI COVID-19 SUS:  0.0<br>Leitos UTI COVID-19 a cada 10k habitantes:  0.0
1529,260580,Frei Miguelinho,15457,PE,13,0,13,100.0,8.41,11,0,11,100.0,7.12,0,0,0,0.0,0.0,11,0,11,100.0,7.12,0,0,0,0.0,0.0,0,0,0,0.0,0.0,Frei Miguelinho<br><br>População:  15457<br>Enfermeiros SUS:  13<br>Enfermeiros não-SUS:  0<br>Enfermeiros - Total:  13<br>% de enfermeiros SUS:  100.0<br>Enfermeiros a cada 10k habitantes:  8.41,Frei Miguelinho<br><br>População:  15457<br>Médicos SUS:  11<br>Médicos não-SUS:  0<br>Médicos - Total:  11<br>% de médicos SUS:  100.0<br>Médicos a cada 10k habitantes:  7.12,Frei Miguelinho<br><br>População:  15457<br>Hospitais públicos:  0<br>Hospitais não-públicos:  0<br>Hospitais - Total:  0<br>% de hospitais públicos:  0.0<br>Hospitais a cada 100k habitantes:  0.0,Frei Miguelinho<br><br>População:  15457<br>Leitos (internação) SUS:  11<br>Leitos (internação) não-SUS:  0<br>Leitos (internação) - Total:  11<br>% de leitos (internação) SUS:  100.0<br>Leitos (internação) a cada 10k habitantes:  7.12,Frei Miguelinho<br><br>População:  15457<br>Leitos UTI SUS:  0<br>Leitos UTI não-SUS:  0<br>Leitos UTI - Total:  0<br>% de leitos UTI SUS:  0.0<br>Leitos UTI a cada 10k habitantes:  0.0,Frei Miguelinho<br><br>População:  15457<br>Leitos UTI COVID-19 SUS:  0<br>Leitos UTI COVID-19 não-SUS:  0<br>Leitos UTI COVID-19 - Total:  0<br>% de leitos UTI COVID-19 SUS:  0.0<br>Leitos UTI COVID-19 a cada 10k habitantes:  0.0
1530,260590,Gameleira,31052,PE,19,0,19,100.0,6.12,9,0,9,100.0,2.9,0,0,0,0.0,0.0,23,0,23,100.0,7.41,0,0,0,0.0,0.0,0,0,0,0.0,0.0,Gameleira<br><br>População:  31052<br>Enfermeiros SUS:  19<br>Enfermeiros não-SUS:  0<br>Enfermeiros - Total:  19<br>% de enfermeiros SUS:  100.0<br>Enfermeiros a cada 10k habitantes:  6.12,Gameleira<br><br>População:  31052<br>Médicos SUS:  9<br>Médicos não-SUS:  0<br>Médicos - Total:  9<br>% de médicos SUS:  100.0<br>Médicos a cada 10k habitantes:  2.9,Gameleira<br><br>População:  31052<br>Hospitais públicos:  0<br>Hospitais não-públicos:  0<br>Hospitais - Total:  0<br>% de hospitais públicos:  0.0<br>Hospitais a cada 100k habitantes:  0.0,Gameleira<br><br>População:  31052<br>Leitos (internação) SUS:  23<br>Leitos (internação) não-SUS:  0<br>Leitos (internação) - Total:  23<br>% de leitos (internação) SUS:  100.0<br>Leitos (internação) a cada 10k habitantes:  7.41,Gameleira<br><br>População:  31052<br>Leitos UTI SUS:  0<br>Leitos UTI não-SUS:  0<br>Leitos UTI - Total:  0<br>% de leitos UTI SUS:  0.0<br>Leitos UTI a cada 10k habitantes:  0.0,Gameleira<br><br>População:  31052<br>Leitos UTI COVID-19 SUS:  0<br>Leitos UTI COVID-19 não-SUS:  0<br>Leitos UTI COVID-19 - Total:  0<br>% de leitos UTI COVID-19 SUS:  0.0<br>Leitos UTI COVID-19 a cada 10k habitantes:  0.0
1531,260600,Garanhuns,139788,PE,197,1,198,99.49,14.16,165,39,204,80.88,14.59,4,5,9,44.44,6.44,337,85,422,79.86,30.19,29,35,64,45.31,4.58,0,30,30,0.0,2.15,Garanhuns<br><br>População:  139788<br>Enfermeiros SUS:  197<br>Enfermeiros não-SUS:  1<br>Enfermeiros - Total:  198<br>% de enfermeiros SUS:  99.49<br>Enfermeiros a cada 10k habitantes:  14.16,Garanhuns<br><br>População:  139788<br>Médicos SUS:  165<br>Médicos não-SUS:  39<br>Médicos - Total:  204<br>% de médicos SUS:  80.88<br>Médicos a cada 10k habitantes:  14.59,Garanhuns<br><br>População:  139788<br>Hospitais públicos:  4<br>Hospitais não-públicos:  5<br>Hospitais - Total:  9<br>% de hospitais públicos:  44.44<br>Hospitais a cada 100k habitantes:  6.44,Garanhuns<br><br>População:  139788<br>Leitos (internação) SUS:  337<br>Leitos (internação) não-SUS:  85<br>Leitos (internação) - Total:  422<br>% de leitos (internação) SUS:  79.86<br>Leitos (internação) a cada 10k habitantes:  30.19,Garanhuns<br><br>População:  139788<br>Leitos UTI SUS:  29<br>Leitos UTI não-SUS:  35<br>Leitos UTI - Total:  64<br>% de leitos UTI SUS:  45.31<br>Leitos UTI a cada 10k habitantes:  4.58,Garanhuns<br><br>População:  139788<br>Leitos UTI COVID-19 SUS:  0<br>Leitos UTI COVID-19 não-SUS:  30<br>Leitos UTI COVID-19 - Total:  30<br>% de leitos UTI COVID-19 SUS:  0.0<br>Leitos UTI COVID-19 a cada 10k habitantes:  2.15
1532,260610,Glória do Goitá,30604,PE,11,0,11,100.0,3.59,14,0,14,100.0,4.57,0,0,0,0.0,0.0,24,0,24,100.0,7.84,0,0,0,0.0,0.0,0,0,0,0.0,0.0,Glória do Goitá<br><br>População:  30604<br>Enfermeiros SUS:  11<br>Enfermeiros não-SUS:  0<br>Enfermeiros - Total:  11<br>% de enfermeiros SUS:  100.0<br>Enfermeiros a cada 10k habitantes:  3.59,Glória do Goitá<br><br>População:  30604<br>Médicos SUS:  14<br>Médicos não-SUS:  0<br>Médicos - Total:  14<br>% de médicos SUS:  100.0<br>Médicos a cada 10k habitantes:  4.57,Glória do Goitá<br><br>População:  30604<br>Hospitais públicos:  0<br>Hospitais não-públicos:  0<br>Hospitais - Total:  0<br>% de hospitais públicos:  0.0<br>Hospitais a cada 100k habitantes:  0.0,Glória do Goitá<br><br>População:  30604<br>Leitos (internação) SUS:  24<br>Leitos (internação) não-SUS:  0<br>Leitos (internação) - Total:  24<br>% de leitos (internação) SUS:  100.0<br>Leitos (internação) a cada 10k habitantes:  7.84,Glória do Goitá<br><br>População:  30604<br>Leitos UTI SUS:  0<br>Leitos UTI não-SUS:  0<br>Leitos UTI - Total:  0<br>% de leitos UTI SUS:  0.0<br>Leitos UTI a cada 10k habitantes:  0.0,Glória do Goitá<br><br>População:  30604<br>Leitos UTI COVID-19 SUS:  0<br>Leitos UTI COVID-19 não-SUS:  0<br>Leitos UTI COVID-19 - Total:  0<br>% de leitos UTI COVID-19 SUS:  0.0<br>Leitos UTI COVID-19 a cada 10k habitantes:  0.0
1533,260620,Goiana,79758,PE,129,5,134,96.27,16.8,141,18,159,88.68,19.94,2,1,3,66.67,3.76,188,5,193,97.41,24.2,0,10,10,0.0,1.25,0,10,10,0.0,1.25,Goiana<br><br>População:  79758<br>Enfermeiros SUS:  129<br>Enfermeiros não-SUS:  5<br>Enfermeiros - Total:  134<br>% de enfermeiros SUS:  96.27<br>Enfermeiros a cada 10k habitantes:  16.8,Goiana<br><br>População:  79758<br>Médicos SUS:  141<br>Médicos não-SUS:  18<br>Médicos - Total:  159<br>% de médicos SUS:  88.68<br>Médicos a cada 10k habitantes:  19.94,Goiana<br><br>População:  79758<br>Hospitais públicos:  2<br>Hospitais não-públicos:  1<br>Hospitais - Total:  3<br>% de hospitais públicos:  66.67<br>Hospitais a cada 100k habitantes:  3.76,Goiana<br><br>População:  79758<br>Leitos (internação) SUS:  188<br>Leitos (internação) não-SUS:  5<br>Leitos (internação) - Total:  193<br>% de leitos (internação) SUS:  97.41<br>Leitos (internação) a cada 10k habitantes:  24.2,Goiana<br><br>População:  79758<br>Leitos UTI SUS:  0<br>Leitos UTI não-SUS:  10<br>Leitos UTI - Total:  10<br>% de leitos UTI SUS:  0.0<br>Leitos UTI a cada 10k habitantes:  1.25,Goiana<br><br>População:  79758<br>Leitos UTI COVID-19 SUS:  0<br>Leitos UTI COVID-19 não-SUS:  10<br>Leitos UTI COVID-19 - Total:  10<br>% de leitos UTI COVID-19 SUS:  0.0<br>Leitos UTI COVID-19 a cada 10k habitantes:  1.25
1534,260630,Granito,7486,PE,8,0,8,100.0,10.69,9,0,9,100.0,12.02,1,0,1,100.0,13.36,19,0,19,100.0,25.38,4,0,4,100.0,5.34,0,0,0,0.0,0.0,Granito<br><br>População:  7486<br>Enfermeiros SUS:  8<br>Enfermeiros não-SUS:  0<br>Enfermeiros - Total:  8<br>% de enfermeiros SUS:  100.0<br>Enfermeiros a cada 10k habitantes:  10.69,Granito<br><br>População:  7486<br>Médicos SUS:  9<br>Médicos não-SUS:  0<br>Médicos - Total:  9<br>% de médicos SUS:  100.0<br>Médicos a cada 10k habitantes:  12.02,Granito<br><br>População:  7486<br>Hospitais públicos:  1<br>Hospitais não-públicos:  0<br>Hospitais - Total:  1<br>% de hospitais públicos:  100.0<br>Hospitais a cada 100k habitantes:  13.36,Granito<br><br>População:  7486<br>Leitos (internação) SUS:  19<br>Leitos (internação) não-SUS:  0<br>Leitos (internação) - Total:  19<br>% de leitos (internação) SUS:  100.0<br>Leitos (internação) a cada 10k habitantes:  25.38,Granito<br><br>População:  7486<br>Leitos UTI SUS:  4<br>Leitos UTI não-SUS:  0<br>Leitos UTI - Total:  4<br>% de leitos UTI SUS:  100.0<br>Leitos UTI a cada 10k habitantes:  5.34,Granito<br><br>População:  7486<br>Leitos UTI COVID-19 SUS:  0<br>Leitos UTI COVID-19 não-SUS:  0<br>Leitos UTI COVID-19 - Total:  0<br>% de leitos UTI COVID-19 SUS:  0.0<br>Leitos UTI COVID-19 a cada 10k habitantes:  0.0
1535,260640,Gravatá,84074,PE,46,2,48,95.83,5.71,38,29,67,56.72,7.97,1,0,1,100.0,1.19,56,42,98,57.14,11.66,0,0,0,0.0,0.0,0,0,0,0.0,0.0,Gravatá<br><br>População:  84074<br>Enfermeiros SUS:  46<br>Enfermeiros não-SUS:  2<br>Enfermeiros - Total:  48<br>% de enfermeiros SUS:  95.83<br>Enfermeiros a cada 10k habitantes:  5.71,Gravatá<br><br>População:  84074<br>Médicos SUS:  38<br>Médicos não-SUS:  29<br>Médicos - Total:  67<br>% de médicos SUS:  56.72<br>Médicos a cada 10k habitantes:  7.97,Gravatá<br><br>População:  84074<br>Hospitais públicos:  1<br>Hospitais não-públicos:  0<br>Hospitais - Total:  1<br>% de hospitais públicos:  100.0<br>Hospitais a cada 100k habitantes:  1.19,Gravatá<br><br>População:  84074<br>Leitos (internação) SUS:  56<br>Leitos (internação) não-SUS:  42<br>Leitos (internação) - Total:  98<br>% de leitos (internação) SUS:  57.14<br>Leitos (internação) a cada 10k habitantes:  11.66,Gravatá<br><br>População:  84074<br>Leitos UTI SUS:  0<br>Leitos UTI não-SUS:  0<br>Leitos UTI - Total:  0<br>% de leitos UTI SUS:  0.0<br>Leitos UTI a cada 10k habitantes:  0.0,Gravatá<br><br>População:  84074<br>Leitos UTI COVID-19 SUS:  0<br>Leitos UTI COVID-19 não-SUS:  0<br>Leitos UTI COVID-19 - Total:  0<br>% de leitos UTI COVID-19 SUS:  0.0<br>Leitos UTI COVID-19 a cada 10k habitantes:  0.0
1536,260650,Iati,19197,PE,9,0,9,100.0,4.69,8,0,8,100.0,4.17,1,0,1,100.0,5.21,22,0,22,100.0,11.46,0,0,0,0.0,0.0,0,0,0,0.0,0.0,Iati<br><br>População:  19197<br>Enfermeiros SUS:  9<br>Enfermeiros não-SUS:  0<br>Enfermeiros - Total:  9<br>% de enfermeiros SUS:  100.0<br>Enfermeiros a cada 10k habitantes:  4.69,Iati<br><br>População:  19197<br>Médicos SUS:  8<br>Médicos não-SUS:  0<br>Médicos - Total:  8<br>% de médicos SUS:  100.0<br>Médicos a cada 10k habitantes:  4.17,Iati<br><br>População:  19197<br>Hospitais públicos:  1<br>Hospitais não-públicos:  0<br>Hospitais - Total:  1<br>% de hospitais públicos:  100.0<br>Hospitais a cada 100k habitantes:  5.21,Iati<br><br>População:  19197<br>Leitos (internação) SUS:  22<br>Leitos (internação) não-SUS:  0<br>Leitos (internação) - Total:  22<br>% de leitos (internação) SUS:  100.0<br>Leitos (internação) a cada 10k habitantes:  11.46,Iati<br><br>População:  19197<br>Leitos UTI SUS:  0<br>Leitos UTI não-SUS:  0<br>Leitos UTI - Total:  0<br>% de leitos UTI SUS:  0.0<br>Leitos UTI a cada 10k habitantes:  0.0,Iati<br><br>População:  19197<br>Leitos UTI COVID-19 SUS:  0<br>Leitos UTI COVID-19 não-SUS:  0<br>Leitos UTI COVID-19 - Total:  0<br>% de leitos UTI COVID-19 SUS:  0.0<br>Leitos UTI COVID-19 a cada 10k habitantes:  0.0
1537,260660,Ibimirim,29235,PE,22,0,22,100.0,7.53,7,0,7,100.0,2.39,1,0,1,100.0,3.42,26,0,26,100.0,8.89,0,0,0,0.0,0.0,0,0,0,0.0,0.0,Ibimirim<br><br>População:  29235<br>Enfermeiros SUS:  22<br>Enfermeiros não-SUS:  0<br>Enfermeiros - Total:  22<br>% de enfermeiros SUS:  100.0<br>Enfermeiros a cada 10k habitantes:  7.53,Ibimirim<br><br>População:  29235<br>Médicos SUS:  7<br>Médicos não-SUS:  0<br>Médicos - Total:  7<br>% de médicos SUS:  100.0<br>Médicos a cada 10k habitantes:  2.39,Ibimirim<br><br>População:  29235<br>Hospitais públicos:  1<br>Hospitais não-públicos:  0<br>Hospitais - Total:  1<br>% de hospitais públicos:  100.0<br>Hospitais a cada 100k habitantes:  3.42,Ibimirim<br><br>População:  29235<br>Leitos (internação) SUS:  26<br>Leitos (internação) não-SUS:  0<br>Leitos (internação) - Total:  26<br>% de leitos (internação) SUS:  100.0<br>Leitos (internação) a cada 10k habitantes:  8.89,Ibimirim<br><br>População:  29235<br>Leitos UTI SUS:  0<br>Leitos UTI não-SUS:  0<br>Leitos UTI - Total:  0<br>% de leitos UTI SUS:  0.0<br>Leitos UTI a cada 10k habitantes:  0.0,Ibimirim<br><br>População:  29235<br>Leitos UTI COVID-19 SUS:  0<br>Leitos UTI COVID-19 não-SUS:  0<br>Leitos UTI COVID-19 - Total:  0<br>% de leitos UTI COVID-19 SUS:  0.0<br>Leitos UTI COVID-19 a cada 10k habitantes:  0.0
1538,260670,Ibirajuba,7762,PE,8,0,8,100.0,10.31,5,0,5,100.0,6.44,0,0,0,0.0,0.0,20,0,20,100.0,25.77,0,0,0,0.0,0.0,0,0,0,0.0,0.0,Ibirajuba<br><br>População:  7762<br>Enfermeiros SUS:  8<br>Enfermeiros não-SUS:  0<br>Enfermeiros - Total:  8<br>% de enfermeiros SUS:  100.0<br>Enfermeiros a cada 10k habitantes:  10.31,Ibirajuba<br><br>População:  7762<br>Médicos SUS:  5<br>Médicos não-SUS:  0<br>Médicos - Total:  5<br>% de médicos SUS:  100.0<br>Médicos a cada 10k habitantes:  6.44,Ibirajuba<br><br>População:  7762<br>Hospitais públicos:  0<br>Hospitais não-públicos:  0<br>Hospitais - Total:  0<br>% de hospitais públicos:  0.0<br>Hospitais a cada 100k habitantes:  0.0,Ibirajuba<br><br>População:  7762<br>Leitos (internação) SUS:  20<br>Leitos (internação) não-SUS:  0<br>Leitos (internação) - Total:  20<br>% de leitos (internação) SUS:  100.0<br>Leitos (internação) a cada 10k habitantes:  25.77,Ibirajuba<br><br>População:  7762<br>Leitos UTI SUS:  0<br>Leitos UTI não-SUS:  0<br>Leitos UTI - Total:  0<br>% de leitos UTI SUS:  0.0<br>Leitos UTI a cada 10k habitantes:  0.0,Ibirajuba<br><br>População:  7762<br>Leitos UTI COVID-19 SUS:  0<br>Leitos UTI COVID-19 não-SUS:  0<br>Leitos UTI COVID-19 - Total:  0<br>% de leitos UTI COVID-19 SUS:  0.0<br>Leitos UTI COVID-19 a cada 10k habitantes:  0.0
1539,260680,Igarassu,117019,PE,97,0,97,100.0,8.29,132,11,143,92.31,12.22,2,2,4,50.0,3.42,98,244,342,28.65,29.23,0,0,0,0.0,0.0,0,0,0,0.0,0.0,Igarassu<br><br>População:  117019<br>Enfermeiros SUS:  97<br>Enfermeiros não-SUS:  0<br>Enfermeiros - Total:  97<br>% de enfermeiros SUS:  100.0<br>Enfermeiros a cada 10k habitantes:  8.29,Igarassu<br><br>População:  117019<br>Médicos SUS:  132<br>Médicos não-SUS:  11<br>Médicos - Total:  143<br>% de médicos SUS:  92.31<br>Médicos a cada 10k habitantes:  12.22,Igarassu<br><br>População:  117019<br>Hospitais públicos:  2<br>Hospitais não-públicos:  2<br>Hospitais - Total:  4<br>% de hospitais públicos:  50.0<br>Hospitais a cada 100k habitantes:  3.42,Igarassu<br><br>População:  117019<br>Leitos (internação) SUS:  98<br>Leitos (internação) não-SUS:  244<br>Leitos (internação) - Total:  342<br>% de leitos (internação) SUS:  28.65<br>Leitos (internação) a cada 10k habitantes:  29.23,Igarassu<br><br>População:  117019<br>Leitos UTI SUS:  0<br>Leitos UTI não-SUS:  0<br>Leitos UTI - Total:  0<br>% de leitos UTI SUS:  0.0<br>Leitos UTI a cada 10k habitantes:  0.0,Igarassu<br><br>População:  117019<br>Leitos UTI COVID-19 SUS:  0<br>Leitos UTI COVID-19 não-SUS:  0<br>Leitos UTI COVID-19 - Total:  0<br>% de leitos UTI COVID-19 SUS:  0.0<br>Leitos UTI COVID-19 a cada 10k habitantes:  0.0
1540,260690,Iguaracy,12228,PE,13,0,13,100.0,10.63,10,0,10,100.0,8.18,0,0,0,0.0,0.0,22,0,22,100.0,17.99,0,0,0,0.0,0.0,0,0,0,0.0,0.0,Iguaracy<br><br>População:  12228<br>Enfermeiros SUS:  13<br>Enfermeiros não-SUS:  0<br>Enfermeiros - Total:  13<br>% de enfermeiros SUS:  100.0<br>Enfermeiros a cada 10k habitantes:  10.63,Iguaracy<br><br>População:  12228<br>Médicos SUS:  10<br>Médicos não-SUS:  0<br>Médicos - Total:  10<br>% de médicos SUS:  100.0<br>Médicos a cada 10k habitantes:  8.18,Iguaracy<br><br>População:  12228<br>Hospitais públicos:  0<br>Hospitais não-públicos:  0<br>Hospitais - Total:  0<br>% de hospitais públicos:  0.0<br>Hospitais a cada 100k habitantes:  0.0,Iguaracy<br><br>População:  12228<br>Leitos (internação) SUS:  22<br>Leitos (internação) não-SUS:  0<br>Leitos (internação) - Total:  22<br>% de leitos (internação) SUS:  100.0<br>Leitos (internação) a cada 10k habitantes:  17.99,Iguaracy<br><br>População:  12228<br>Leitos UTI SUS:  0<br>Leitos UTI não-SUS:  0<br>Leitos UTI - Total:  0<br>% de leitos UTI SUS:  0.0<br>Leitos UTI a cada 10k habitantes:  0.0,Iguaracy<br><br>População:  12228<br>Leitos UTI COVID-19 SUS:  0<br>Leitos UTI COVID-19 não-SUS:  0<br>Leitos UTI COVID-19 - Total:  0<br>% de leitos UTI COVID-19 SUS:  0.0<br>Leitos UTI COVID-19 a cada 10k habitantes:  0.0
1541,260760,Ilha de Itamaracá,26258,PE,40,0,40,100.0,15.23,24,0,24,100.0,9.14,0,0,0,0.0,0.0,14,0,14,100.0,5.33,0,0,0,0.0,0.0,0,0,0,0.0,0.0,Ilha de Itamaracá<br><br>População:  26258<br>Enfermeiros SUS:  40<br>Enfermeiros não-SUS:  0<br>Enfermeiros - Total:  40<br>% de enfermeiros SUS:  100.0<br>Enfermeiros a cada 10k habitantes:  15.23,Ilha de Itamaracá<br><br>População:  26258<br>Médicos SUS:  24<br>Médicos não-SUS:  0<br>Médicos - Total:  24<br>% de médicos SUS:  100.0<br>Médicos a cada 10k habitantes:  9.14,Ilha de Itamaracá<br><br>População:  26258<br>Hospitais públicos:  0<br>Hospitais não-públicos:  0<br>Hospitais - Total:  0<br>% de hospitais públicos:  0.0<br>Hospitais a cada 100k habitantes:  0.0,Ilha de Itamaracá<br><br>População:  26258<br>Leitos (internação) SUS:  14<br>Leitos (internação) não-SUS:  0<br>Leitos (internação) - Total:  14<br>% de leitos (internação) SUS:  100.0<br>Leitos (internação) a cada 10k habitantes:  5.33,Ilha de Itamaracá<br><br>População:  26258<br>Leitos UTI SUS:  0<br>Leitos UTI não-SUS:  0<br>Leitos UTI - Total:  0<br>% de leitos UTI SUS:  0.0<br>Leitos UTI a cada 10k habitantes:  0.0,Ilha de Itamaracá<br><br>População:  26258<br>Leitos UTI COVID-19 SUS:  0<br>Leitos UTI COVID-19 não-SUS:  0<br>Leitos UTI COVID-19 - Total:  0<br>% de leitos UTI COVID-19 SUS:  0.0<br>Leitos UTI COVID-19 a cada 10k habitantes:  0.0
1542,260700,Inajá,23247,PE,16,0,16,100.0,6.88,10,0,10,100.0,4.3,1,0,1,100.0,4.3,13,0,13,100.0,5.59,0,0,0,0.0,0.0,0,0,0,0.0,0.0,Inajá<br><br>População:  23247<br>Enfermeiros SUS:  16<br>Enfermeiros não-SUS:  0<br>Enfermeiros - Total:  16<br>% de enfermeiros SUS:  100.0<br>Enfermeiros a cada 10k habitantes:  6.88,Inajá<br><br>População:  23247<br>Médicos SUS:  10<br>Médicos não-SUS:  0<br>Médicos - Total:  10<br>% de médicos SUS:  100.0<br>Médicos a cada 10k habitantes:  4.3,Inajá<br><br>População:  23247<br>Hospitais públicos:  1<br>Hospitais não-públicos:  0<br>Hospitais - Total:  1<br>% de hospitais públicos:  100.0<br>Hospitais a cada 100k habitantes:  4.3,Inajá<br><br>População:  23247<br>Leitos (internação) SUS:  13<br>Leitos (internação) não-SUS:  0<br>Leitos (internação) - Total:  13<br>% de leitos (internação) SUS:  100.0<br>Leitos (internação) a cada 10k habitantes:  5.59,Inajá<br><br>População:  23247<br>Leitos UTI SUS:  0<br>Leitos UTI não-SUS:  0<br>Leitos UTI - Total:  0<br>% de leitos UTI SUS:  0.0<br>Leitos UTI a cada 10k habitantes:  0.0,Inajá<br><br>População:  23247<br>Leitos UTI COVID-19 SUS:  0<br>Leitos UTI COVID-19 não-SUS:  0<br>Leitos UTI COVID-19 - Total:  0<br>% de leitos UTI COVID-19 SUS:  0.0<br>Leitos UTI COVID-19 a cada 10k habitantes:  0.0
1543,260710,Ingazeira,4548,PE,6,0,6,100.0,13.19,2,0,2,100.0,4.4,0,0,0,0.0,0.0,4,0,4,100.0,8.8,0,0,0,0.0,0.0,0,0,0,0.0,0.0,Ingazeira<br><br>População:  4548<br>Enfermeiros SUS:  6<br>Enfermeiros não-SUS:  0<br>Enfermeiros - Total:  6<br>% de enfermeiros SUS:  100.0<br>Enfermeiros a cada 10k habitantes:  13.19,Ingazeira<br><br>População:  4548<br>Médicos SUS:  2<br>Médicos não-SUS:  0<br>Médicos - Total:  2<br>% de médicos SUS:  100.0<br>Médicos a cada 10k habitantes:  4.4,Ingazeira<br><br>População:  4548<br>Hospitais públicos:  0<br>Hospitais não-públicos:  0<br>Hospitais - Total:  0<br>% de hospitais públicos:  0.0<br>Hospitais a cada 100k habitantes:  0.0,Ingazeira<br><br>População:  4548<br>Leitos (internação) SUS:  4<br>Leitos (internação) não-SUS:  0<br>Leitos (internação) - Total:  4<br>% de leitos (internação) SUS:  100.0<br>Leitos (internação) a cada 10k habitantes:  8.8,Ingazeira<br><br>População:  4548<br>Leitos UTI SUS:  0<br>Leitos UTI não-SUS:  0<br>Leitos UTI - Total:  0<br>% de leitos UTI SUS:  0.0<br>Leitos UTI a cada 10k habitantes:  0.0,Ingazeira<br><br>População:  4548<br>Leitos UTI COVID-19 SUS:  0<br>Leitos UTI COVID-19 não-SUS:  0<br>Leitos UTI COVID-19 - Total:  0<br>% de leitos UTI COVID-19 SUS:  0.0<br>Leitos UTI COVID-19 a cada 10k habitantes:  0.0
1544,260720,Ipojuca,96204,PE,112,9,121,92.56,12.58,176,29,205,85.85,21.31,1,0,1,100.0,1.04,65,0,65,100.0,6.76,0,0,0,0.0,0.0,0,0,0,0.0,0.0,Ipojuca<br><br>População:  96204<br>Enfermeiros SUS:  112<br>Enfermeiros não-SUS:  9<br>Enfermeiros - Total:  121<br>% de enfermeiros SUS:  92.56<br>Enfermeiros a cada 10k habitantes:  12.58,Ipojuca<br><br>População:  96204<br>Médicos SUS:  176<br>Médicos não-SUS:  29<br>Médicos - Total:  205<br>% de médicos SUS:  85.85<br>Médicos a cada 10k habitantes:  21.31,Ipojuca<br><br>População:  96204<br>Hospitais públicos:  1<br>Hospitais não-públicos:  0<br>Hospitais - Total:  1<br>% de hospitais públicos:  100.0<br>Hospitais a cada 100k habitantes:  1.04,Ipojuca<br><br>População:  96204<br>Leitos (internação) SUS:  65<br>Leitos (internação) não-SUS:  0<br>Leitos (internação) - Total:  65<br>% de leitos (internação) SUS:  100.0<br>Leitos (internação) a cada 10k habitantes:  6.76,Ipojuca<br><br>População:  96204<br>Leitos UTI SUS:  0<br>Leitos UTI não-SUS:  0<br>Leitos UTI - Total:  0<br>% de leitos UTI SUS:  0.0<br>Leitos UTI a cada 10k habitantes:  0.0,Ipojuca<br><br>População:  96204<br>Leitos UTI COVID-19 SUS:  0<br>Leitos UTI COVID-19 não-SUS:  0<br>Leitos UTI COVID-19 - Total:  0<br>% de leitos UTI COVID-19 SUS:  0.0<br>Leitos UTI COVID-19 a cada 10k habitantes:  0.0
1545,260730,Ipubi,30854,PE,24,0,24,100.0,7.78,14,0,14,100.0,4.54,0,0,0,0.0,0.0,45,0,45,100.0,14.58,0,0,0,0.0,0.0,0,0,0,0.0,0.0,Ipubi<br><br>População:  30854<br>Enfermeiros SUS:  24<br>Enfermeiros não-SUS:  0<br>Enfermeiros - Total:  24<br>% de enfermeiros SUS:  100.0<br>Enfermeiros a cada 10k habitantes:  7.78,Ipubi<br><br>População:  30854<br>Médicos SUS:  14<br>Médicos não-SUS:  0<br>Médicos - Total:  14<br>% de médicos SUS:  100.0<br>Médicos a cada 10k habitantes:  4.54,Ipubi<br><br>População:  30854<br>Hospitais públicos:  0<br>Hospitais não-públicos:  0<br>Hospitais - Total:  0<br>% de hospitais públicos:  0.0<br>Hospitais a cada 100k habitantes:  0.0,Ipubi<br><br>População:  30854<br>Leitos (internação) SUS:  45<br>Leitos (internação) não-SUS:  0<br>Leitos (internação) - Total:  45<br>% de leitos (internação) SUS:  100.0<br>Leitos (internação) a cada 10k habitantes:  14.58,Ipubi<br><br>População:  30854<br>Leitos UTI SUS:  0<br>Leitos UTI não-SUS:  0<br>Leitos UTI - Total:  0<br>% de leitos UTI SUS:  0.0<br>Leitos UTI a cada 10k habitantes:  0.0,Ipubi<br><br>População:  30854<br>Leitos UTI COVID-19 SUS:  0<br>Leitos UTI COVID-19 não-SUS:  0<br>Leitos UTI COVID-19 - Total:  0<br>% de leitos UTI COVID-19 SUS:  0.0<br>Leitos UTI COVID-19 a cada 10k habitantes:  0.0
1546,260740,Itacuruba,4918,PE,7,0,7,100.0,14.23,2,1,3,66.67,6.1,1,0,1,100.0,20.33,15,0,15,100.0,30.5,2,0,2,100.0,4.07,0,0,0,0.0,0.0,Itacuruba<br><br>População:  4918<br>Enfermeiros SUS:  7<br>Enfermeiros não-SUS:  0<br>Enfermeiros - Total:  7<br>% de enfermeiros SUS:  100.0<br>Enfermeiros a cada 10k habitantes:  14.23,Itacuruba<br><br>População:  4918<br>Médicos SUS:  2<br>Médicos não-SUS:  1<br>Médicos - Total:  3<br>% de médicos SUS:  66.67<br>Médicos a cada 10k habitantes:  6.1,Itacuruba<br><br>População:  4918<br>Hospitais públicos:  1<br>Hospitais não-públicos:  0<br>Hospitais - Total:  1<br>% de hospitais públicos:  100.0<br>Hospitais a cada 100k habitantes:  20.33,Itacuruba<br><br>População:  4918<br>Leitos (internação) SUS:  15<br>Leitos (internação) não-SUS:  0<br>Leitos (internação) - Total:  15<br>% de leitos (internação) SUS:  100.0<br>Leitos (internação) a cada 10k habitantes:  30.5,Itacuruba<br><br>População:  4918<br>Leitos UTI SUS:  2<br>Leitos UTI não-SUS:  0<br>Leitos UTI - Total:  2<br>% de leitos UTI SUS:  100.0<br>Leitos UTI a cada 10k habitantes:  4.07,Itacuruba<br><br>População:  4918<br>Leitos UTI COVID-19 SUS:  0<br>Leitos UTI COVID-19 não-SUS:  0<br>Leitos UTI COVID-19 - Total:  0<br>% de leitos UTI COVID-19 SUS:  0.0<br>Leitos UTI COVID-19 a cada 10k habitantes:  0.0
1547,260750,Itaíba,26349,PE,18,0,18,100.0,6.83,11,0,11,100.0,4.17,1,0,1,100.0,3.8,34,0,34,100.0,12.9,0,0,0,0.0,0.0,0,0,0,0.0,0.0,Itaíba<br><br>População:  26349<br>Enfermeiros SUS:  18<br>Enfermeiros não-SUS:  0<br>Enfermeiros - Total:  18<br>% de enfermeiros SUS:  100.0<br>Enfermeiros a cada 10k habitantes:  6.83,Itaíba<br><br>População:  26349<br>Médicos SUS:  11<br>Médicos não-SUS:  0<br>Médicos - Total:  11<br>% de médicos SUS:  100.0<br>Médicos a cada 10k habitantes:  4.17,Itaíba<br><br>População:  26349<br>Hospitais públicos:  1<br>Hospitais não-públicos:  0<br>Hospitais - Total:  1<br>% de hospitais públicos:  100.0<br>Hospitais a cada 100k habitantes:  3.8,Itaíba<br><br>População:  26349<br>Leitos (internação) SUS:  34<br>Leitos (internação) não-SUS:  0<br>Leitos (internação) - Total:  34<br>% de leitos (internação) SUS:  100.0<br>Leitos (internação) a cada 10k habitantes:  12.9,Itaíba<br><br>População:  26349<br>Leitos UTI SUS:  0<br>Leitos UTI não-SUS:  0<br>Leitos UTI - Total:  0<br>% de leitos UTI SUS:  0.0<br>Leitos UTI a cada 10k habitantes:  0.0,Itaíba<br><br>População:  26349<br>Leitos UTI COVID-19 SUS:  0<br>Leitos UTI COVID-19 não-SUS:  0<br>Leitos UTI COVID-19 - Total:  0<br>% de leitos UTI COVID-19 SUS:  0.0<br>Leitos UTI COVID-19 a cada 10k habitantes:  0.0
1548,260765,Itambé,36447,PE,24,0,24,100.0,6.58,33,0,33,100.0,9.05,1,0,1,100.0,2.74,42,0,42,100.0,11.52,0,0,0,0.0,0.0,0,0,0,0.0,0.0,Itambé<br><br>População:  36447<br>Enfermeiros SUS:  24<br>Enfermeiros não-SUS:  0<br>Enfermeiros - Total:  24<br>% de enfermeiros SUS:  100.0<br>Enfermeiros a cada 10k habitantes:  6.58,Itambé<br><br>População:  36447<br>Médicos SUS:  33<br>Médicos não-SUS:  0<br>Médicos - Total:  33<br>% de médicos SUS:  100.0<br>Médicos a cada 10k habitantes:  9.05,Itambé<br><br>População:  36447<br>Hospitais públicos:  1<br>Hospitais não-públicos:  0<br>Hospitais - Total:  1<br>% de hospitais públicos:  100.0<br>Hospitais a cada 100k habitantes:  2.74,Itambé<br><br>População:  36447<br>Leitos (internação) SUS:  42<br>Leitos (internação) não-SUS:  0<br>Leitos (internação) - Total:  42<br>% de leitos (internação) SUS:  100.0<br>Leitos (internação) a cada 10k habitantes:  11.52,Itambé<br><br>População:  36447<br>Leitos UTI SUS:  0<br>Leitos UTI não-SUS:  0<br>Leitos UTI - Total:  0<br>% de leitos UTI SUS:  0.0<br>Leitos UTI a cada 10k habitantes:  0.0,Itambé<br><br>População:  36447<br>Leitos UTI COVID-19 SUS:  0<br>Leitos UTI COVID-19 não-SUS:  0<br>Leitos UTI COVID-19 - Total:  0<br>% de leitos UTI COVID-19 SUS:  0.0<br>Leitos UTI COVID-19 a cada 10k habitantes:  0.0
1549,260770,Itapetim,13616,PE,12,0,12,100.0,8.81,2,0,2,100.0,1.47,0,0,0,0.0,0.0,32,0,32,100.0,23.5,0,0,0,0.0,0.0,0,0,0,0.0,0.0,Itapetim<br><br>População:  13616<br>Enfermeiros SUS:  12<br>Enfermeiros não-SUS:  0<br>Enfermeiros - Total:  12<br>% de enfermeiros SUS:  100.0<br>Enfermeiros a cada 10k habitantes:  8.81,Itapetim<br><br>População:  13616<br>Médicos SUS:  2<br>Médicos não-SUS:  0<br>Médicos - Total:  2<br>% de médicos SUS:  100.0<br>Médicos a cada 10k habitantes:  1.47,Itapetim<br><br>População:  13616<br>Hospitais públicos:  0<br>Hospitais não-públicos:  0<br>Hospitais - Total:  0<br>% de hospitais públicos:  0.0<br>Hospitais a cada 100k habitantes:  0.0,Itapetim<br><br>População:  13616<br>Leitos (internação) SUS:  32<br>Leitos (internação) não-SUS:  0<br>Leitos (internação) - Total:  32<br>% de leitos (internação) SUS:  100.0<br>Leitos (internação) a cada 10k habitantes:  23.5,Itapetim<br><br>População:  13616<br>Leitos UTI SUS:  0<br>Leitos UTI não-SUS:  0<br>Leitos UTI - Total:  0<br>% de leitos UTI SUS:  0.0<br>Leitos UTI a cada 10k habitantes:  0.0,Itapetim<br><br>População:  13616<br>Leitos UTI COVID-19 SUS:  0<br>Leitos UTI COVID-19 não-SUS:  0<br>Leitos UTI COVID-19 - Total:  0<br>% de leitos UTI COVID-19 SUS:  0.0<br>Leitos UTI COVID-19 a cada 10k habitantes:  0.0
1550,260775,Itapissuma,26651,PE,23,0,23,100.0,8.63,17,2,19,89.47,7.13,1,0,1,100.0,3.75,1,0,1,100.0,0.38,0,0,0,0.0,0.0,0,0,0,0.0,0.0,Itapissuma<br><br>População:  26651<br>Enfermeiros SUS:  23<br>Enfermeiros não-SUS:  0<br>Enfermeiros - Total:  23<br>% de enfermeiros SUS:  100.0<br>Enfermeiros a cada 10k habitantes:  8.63,Itapissuma<br><br>População:  26651<br>Médicos SUS:  17<br>Médicos não-SUS:  2<br>Médicos - Total:  19<br>% de médicos SUS:  89.47<br>Médicos a cada 10k habitantes:  7.13,Itapissuma<br><br>População:  26651<br>Hospitais públicos:  1<br>Hospitais não-públicos:  0<br>Hospitais - Total:  1<br>% de hospitais públicos:  100.0<br>Hospitais a cada 100k habitantes:  3.75,Itapissuma<br><br>População:  26651<br>Leitos (internação) SUS:  1<br>Leitos (internação) não-SUS:  0<br>Leitos (internação) - Total:  1<br>% de leitos (internação) SUS:  100.0<br>Leitos (internação) a cada 10k habitantes:  0.38,Itapissuma<br><br>População:  26651<br>Leitos UTI SUS:  0<br>Leitos UTI não-SUS:  0<br>Leitos UTI - Total:  0<br>% de leitos UTI SUS:  0.0<br>Leitos UTI a cada 10k habitantes:  0.0,Itapissuma<br><br>População:  26651<br>Leitos UTI COVID-19 SUS:  0<br>Leitos UTI COVID-19 não-SUS:  0<br>Leitos UTI COVID-19 - Total:  0<br>% de leitos UTI COVID-19 SUS:  0.0<br>Leitos UTI COVID-19 a cada 10k habitantes:  0.0
1551,260780,Itaquitinga,16955,PE,18,0,18,100.0,10.62,6,0,6,100.0,3.54,1,0,1,100.0,5.9,14,0,14,100.0,8.26,0,0,0,0.0,0.0,0,0,0,0.0,0.0,Itaquitinga<br><br>População:  16955<br>Enfermeiros SUS:  18<br>Enfermeiros não-SUS:  0<br>Enfermeiros - Total:  18<br>% de enfermeiros SUS:  100.0<br>Enfermeiros a cada 10k habitantes:  10.62,Itaquitinga<br><br>População:  16955<br>Médicos SUS:  6<br>Médicos não-SUS:  0<br>Médicos - Total:  6<br>% de médicos SUS:  100.0<br>Médicos a cada 10k habitantes:  3.54,Itaquitinga<br><br>População:  16955<br>Hospitais públicos:  1<br>Hospitais não-públicos:  0<br>Hospitais - Total:  1<br>% de hospitais públicos:  100.0<br>Hospitais a cada 100k habitantes:  5.9,Itaquitinga<br><br>População:  16955<br>Leitos (internação) SUS:  14<br>Leitos (internação) não-SUS:  0<br>Leitos (internação) - Total:  14<br>% de leitos (internação) SUS:  100.0<br>Leitos (internação) a cada 10k habitantes:  8.26,Itaquitinga<br><br>População:  16955<br>Leitos UTI SUS:  0<br>Leitos UTI não-SUS:  0<br>Leitos UTI - Total:  0<br>% de leitos UTI SUS:  0.0<br>Leitos UTI a cada 10k habitantes:  0.0,Itaquitinga<br><br>População:  16955<br>Leitos UTI COVID-19 SUS:  0<br>Leitos UTI COVID-19 não-SUS:  0<br>Leitos UTI COVID-19 - Total:  0<br>% de leitos UTI COVID-19 SUS:  0.0<br>Leitos UTI COVID-19 a cada 10k habitantes:  0.0
1552,260790,Jaboatão dos Guararapes,702298,PE,479,32,511,93.74,7.28,1022,208,1230,83.09,17.51,3,7,10,30.0,1.42,701,176,877,79.93,12.49,80,32,112,71.43,1.59,10,10,20,50.0,0.28,Jaboatão dos Guararapes<br><br>População:  702298<br>Enfermeiros SUS:  479<br>Enfermeiros não-SUS:  32<br>Enfermeiros - Total:  511<br>% de enfermeiros SUS:  93.74<br>Enfermeiros a cada 10k habitantes:  7.28,Jaboatão dos Guararapes<br><br>População:  702298<br>Médicos SUS:  1022<br>Médicos não-SUS:  208<br>Médicos - Total:  1230<br>% de médicos SUS:  83.09<br>Médicos a cada 10k habitantes:  17.51,Jaboatão dos Guararapes<br><br>População:  702298<br>Hospitais públicos:  3<br>Hospitais não-públicos:  7<br>Hospitais - Total:  10<br>% de hospitais públicos:  30.0<br>Hospitais a cada 100k habitantes:  1.42,Jaboatão dos Guararapes<br><br>População:  702298<br>Leitos (internação) SUS:  701<br>Leitos (internação) não-SUS:  176<br>Leitos (internação) - Total:  877<br>% de leitos (internação) SUS:  79.93<br>Leitos (internação) a cada 10k habitantes:  12.49,Jaboatão dos Guararapes<br><br>População:  702298<br>Leitos UTI SUS:  80<br>Leitos UTI não-SUS:  32<br>Leitos UTI - Total:  112<br>% de leitos UTI SUS:  71.43<br>Leitos UTI a cada 10k habitantes:  1.59,Jaboatão dos Guararapes<br><br>População:  702298<br>Leitos UTI COVID-19 SUS:  10<br>Leitos UTI COVID-19 não-SUS:  10<br>Leitos UTI COVID-19 - Total:  20<br>% de leitos UTI COVID-19 SUS:  50.0<br>Leitos UTI COVID-19 a cada 10k habitantes:  0.28
1553,260795,Jaqueira,11656,PE,11,0,11,100.0,9.44,10,0,10,100.0,8.58,1,0,1,100.0,8.58,32,0,32,100.0,27.45,0,0,0,0.0,0.0,0,0,0,0.0,0.0,Jaqueira<br><br>População:  11656<br>Enfermeiros SUS:  11<br>Enfermeiros não-SUS:  0<br>Enfermeiros - Total:  11<br>% de enfermeiros SUS:  100.0<br>Enfermeiros a cada 10k habitantes:  9.44,Jaqueira<br><br>População:  11656<br>Médicos SUS:  10<br>Médicos não-SUS:  0<br>Médicos - Total:  10<br>% de médicos SUS:  100.0<br>Médicos a cada 10k habitantes:  8.58,Jaqueira<br><br>População:  11656<br>Hospitais públicos:  1<br>Hospitais não-públicos:  0<br>Hospitais - Total:  1<br>% de hospitais públicos:  100.0<br>Hospitais a cada 100k habitantes:  8.58,Jaqueira<br><br>População:  11656<br>Leitos (internação) SUS:  32<br>Leitos (internação) não-SUS:  0<br>Leitos (internação) - Total:  32<br>% de leitos (internação) SUS:  100.0<br>Leitos (internação) a cada 10k habitantes:  27.45,Jaqueira<br><br>População:  11656<br>Leitos UTI SUS:  0<br>Leitos UTI não-SUS:  0<br>Leitos UTI - Total:  0<br>% de leitos UTI SUS:  0.0<br>Leitos UTI a cada 10k habitantes:  0.0,Jaqueira<br><br>População:  11656<br>Leitos UTI COVID-19 SUS:  0<br>Leitos UTI COVID-19 não-SUS:  0<br>Leitos UTI COVID-19 - Total:  0<br>% de leitos UTI COVID-19 SUS:  0.0<br>Leitos UTI COVID-19 a cada 10k habitantes:  0.0
1554,260800,Jataúba,17150,PE,15,0,15,100.0,8.75,8,0,8,100.0,4.66,0,0,0,0.0,0.0,19,0,19,100.0,11.08,0,0,0,0.0,0.0,0,0,0,0.0,0.0,Jataúba<br><br>População:  17150<br>Enfermeiros SUS:  15<br>Enfermeiros não-SUS:  0<br>Enfermeiros - Total:  15<br>% de enfermeiros SUS:  100.0<br>Enfermeiros a cada 10k habitantes:  8.75,Jataúba<br><br>População:  17150<br>Médicos SUS:  8<br>Médicos não-SUS:  0<br>Médicos - Total:  8<br>% de médicos SUS:  100.0<br>Médicos a cada 10k habitantes:  4.66,Jataúba<br><br>População:  17150<br>Hospitais públicos:  0<br>Hospitais não-públicos:  0<br>Hospitais - Total:  0<br>% de hospitais públicos:  0.0<br>Hospitais a cada 100k habitantes:  0.0,Jataúba<br><br>População:  17150<br>Leitos (internação) SUS:  19<br>Leitos (internação) não-SUS:  0<br>Leitos (internação) - Total:  19<br>% de leitos (internação) SUS:  100.0<br>Leitos (internação) a cada 10k habitantes:  11.08,Jataúba<br><br>População:  17150<br>Leitos UTI SUS:  0<br>Leitos UTI não-SUS:  0<br>Leitos UTI - Total:  0<br>% de leitos UTI SUS:  0.0<br>Leitos UTI a cada 10k habitantes:  0.0,Jataúba<br><br>População:  17150<br>Leitos UTI COVID-19 SUS:  0<br>Leitos UTI COVID-19 não-SUS:  0<br>Leitos UTI COVID-19 - Total:  0<br>% de leitos UTI COVID-19 SUS:  0.0<br>Leitos UTI COVID-19 a cada 10k habitantes:  0.0
1555,260805,Jatobá,14796,PE,21,0,21,100.0,14.19,19,0,19,100.0,12.84,1,0,1,100.0,6.76,23,0,23,100.0,15.54,0,0,0,0.0,0.0,0,0,0,0.0,0.0,Jatobá<br><br>População:  14796<br>Enfermeiros SUS:  21<br>Enfermeiros não-SUS:  0<br>Enfermeiros - Total:  21<br>% de enfermeiros SUS:  100.0<br>Enfermeiros a cada 10k habitantes:  14.19,Jatobá<br><br>População:  14796<br>Médicos SUS:  19<br>Médicos não-SUS:  0<br>Médicos - Total:  19<br>% de médicos SUS:  100.0<br>Médicos a cada 10k habitantes:  12.84,Jatobá<br><br>População:  14796<br>Hospitais públicos:  1<br>Hospitais não-públicos:  0<br>Hospitais - Total:  1<br>% de hospitais públicos:  100.0<br>Hospitais a cada 100k habitantes:  6.76,Jatobá<br><br>População:  14796<br>Leitos (internação) SUS:  23<br>Leitos (internação) não-SUS:  0<br>Leitos (internação) - Total:  23<br>% de leitos (internação) SUS:  100.0<br>Leitos (internação) a cada 10k habitantes:  15.54,Jatobá<br><br>População:  14796<br>Leitos UTI SUS:  0<br>Leitos UTI não-SUS:  0<br>Leitos UTI - Total:  0<br>% de leitos UTI SUS:  0.0<br>Leitos UTI a cada 10k habitantes:  0.0,Jatobá<br><br>População:  14796<br>Leitos UTI COVID-19 SUS:  0<br>Leitos UTI COVID-19 não-SUS:  0<br>Leitos UTI COVID-19 - Total:  0<br>% de leitos UTI COVID-19 SUS:  0.0<br>Leitos UTI COVID-19 a cada 10k habitantes:  0.0
1556,260810,João Alfredo,33822,PE,16,0,16,100.0,4.73,14,0,14,100.0,4.14,1,0,1,100.0,2.96,33,0,33,100.0,9.76,0,0,0,0.0,0.0,0,0,0,0.0,0.0,João Alfredo<br><br>População:  33822<br>Enfermeiros SUS:  16<br>Enfermeiros não-SUS:  0<br>Enfermeiros - Total:  16<br>% de enfermeiros SUS:  100.0<br>Enfermeiros a cada 10k habitantes:  4.73,João Alfredo<br><br>População:  33822<br>Médicos SUS:  14<br>Médicos não-SUS:  0<br>Médicos - Total:  14<br>% de médicos SUS:  100.0<br>Médicos a cada 10k habitantes:  4.14,João Alfredo<br><br>População:  33822<br>Hospitais públicos:  1<br>Hospitais não-públicos:  0<br>Hospitais - Total:  1<br>% de hospitais públicos:  100.0<br>Hospitais a cada 100k habitantes:  2.96,João Alfredo<br><br>População:  33822<br>Leitos (internação) SUS:  33<br>Leitos (internação) não-SUS:  0<br>Leitos (internação) - Total:  33<br>% de leitos (internação) SUS:  100.0<br>Leitos (internação) a cada 10k habitantes:  9.76,João Alfredo<br><br>População:  33822<br>Leitos UTI SUS:  0<br>Leitos UTI não-SUS:  0<br>Leitos UTI - Total:  0<br>% de leitos UTI SUS:  0.0<br>Leitos UTI a cada 10k habitantes:  0.0,João Alfredo<br><br>População:  33822<br>Leitos UTI COVID-19 SUS:  0<br>Leitos UTI COVID-19 não-SUS:  0<br>Leitos UTI COVID-19 - Total:  0<br>% de leitos UTI COVID-19 SUS:  0.0<br>Leitos UTI COVID-19 a cada 10k habitantes:  0.0
1557,260820,Joaquim Nabuco,16023,PE,14,0,14,100.0,8.74,3,0,3,100.0,1.87,0,0,0,0.0,0.0,14,0,14,100.0,8.74,0,0,0,0.0,0.0,0,0,0,0.0,0.0,Joaquim Nabuco<br><br>População:  16023<br>Enfermeiros SUS:  14<br>Enfermeiros não-SUS:  0<br>Enfermeiros - Total:  14<br>% de enfermeiros SUS:  100.0<br>Enfermeiros a cada 10k habitantes:  8.74,Joaquim Nabuco<br><br>População:  16023<br>Médicos SUS:  3<br>Médicos não-SUS:  0<br>Médicos - Total:  3<br>% de médicos SUS:  100.0<br>Médicos a cada 10k habitantes:  1.87,Joaquim Nabuco<br><br>População:  16023<br>Hospitais públicos:  0<br>Hospitais não-públicos:  0<br>Hospitais - Total:  0<br>% de hospitais públicos:  0.0<br>Hospitais a cada 100k habitantes:  0.0,Joaquim Nabuco<br><br>População:  16023<br>Leitos (internação) SUS:  14<br>Leitos (internação) não-SUS:  0<br>Leitos (internação) - Total:  14<br>% de leitos (internação) SUS:  100.0<br>Leitos (internação) a cada 10k habitantes:  8.74,Joaquim Nabuco<br><br>População:  16023<br>Leitos UTI SUS:  0<br>Leitos UTI não-SUS:  0<br>Leitos UTI - Total:  0<br>% de leitos UTI SUS:  0.0<br>Leitos UTI a cada 10k habitantes:  0.0,Joaquim Nabuco<br><br>População:  16023<br>Leitos UTI COVID-19 SUS:  0<br>Leitos UTI COVID-19 não-SUS:  0<br>Leitos UTI COVID-19 - Total:  0<br>% de leitos UTI COVID-19 SUS:  0.0<br>Leitos UTI COVID-19 a cada 10k habitantes:  0.0
1558,260825,Jucati,11424,PE,11,0,11,100.0,9.63,4,0,4,100.0,3.5,1,0,1,100.0,8.75,12,0,12,100.0,10.5,0,0,0,0.0,0.0,0,0,0,0.0,0.0,Jucati<br><br>População:  11424<br>Enfermeiros SUS:  11<br>Enfermeiros não-SUS:  0<br>Enfermeiros - Total:  11<br>% de enfermeiros SUS:  100.0<br>Enfermeiros a cada 10k habitantes:  9.63,Jucati<br><br>População:  11424<br>Médicos SUS:  4<br>Médicos não-SUS:  0<br>Médicos - Total:  4<br>% de médicos SUS:  100.0<br>Médicos a cada 10k habitantes:  3.5,Jucati<br><br>População:  11424<br>Hospitais públicos:  1<br>Hospitais não-públicos:  0<br>Hospitais - Total:  1<br>% de hospitais públicos:  100.0<br>Hospitais a cada 100k habitantes:  8.75,Jucati<br><br>População:  11424<br>Leitos (internação) SUS:  12<br>Leitos (internação) não-SUS:  0<br>Leitos (internação) - Total:  12<br>% de leitos (internação) SUS:  100.0<br>Leitos (internação) a cada 10k habitantes:  10.5,Jucati<br><br>População:  11424<br>Leitos UTI SUS:  0<br>Leitos UTI não-SUS:  0<br>Leitos UTI - Total:  0<br>% de leitos UTI SUS:  0.0<br>Leitos UTI a cada 10k habitantes:  0.0,Jucati<br><br>População:  11424<br>Leitos UTI COVID-19 SUS:  0<br>Leitos UTI COVID-19 não-SUS:  0<br>Leitos UTI COVID-19 - Total:  0<br>% de leitos UTI COVID-19 SUS:  0.0<br>Leitos UTI COVID-19 a cada 10k habitantes:  0.0
1559,260830,Jupi,14836,PE,11,0,11,100.0,7.41,6,0,6,100.0,4.04,1,0,1,100.0,6.74,16,0,16,100.0,10.78,0,0,0,0.0,0.0,0,0,0,0.0,0.0,Jupi<br><br>População:  14836<br>Enfermeiros SUS:  11<br>Enfermeiros não-SUS:  0<br>Enfermeiros - Total:  11<br>% de enfermeiros SUS:  100.0<br>Enfermeiros a cada 10k habitantes:  7.41,Jupi<br><br>População:  14836<br>Médicos SUS:  6<br>Médicos não-SUS:  0<br>Médicos - Total:  6<br>% de médicos SUS:  100.0<br>Médicos a cada 10k habitantes:  4.04,Jupi<br><br>População:  14836<br>Hospitais públicos:  1<br>Hospitais não-públicos:  0<br>Hospitais - Total:  1<br>% de hospitais públicos:  100.0<br>Hospitais a cada 100k habitantes:  6.74,Jupi<br><br>População:  14836<br>Leitos (internação) SUS:  16<br>Leitos (internação) não-SUS:  0<br>Leitos (internação) - Total:  16<br>% de leitos (internação) SUS:  100.0<br>Leitos (internação) a cada 10k habitantes:  10.78,Jupi<br><br>População:  14836<br>Leitos UTI SUS:  0<br>Leitos UTI não-SUS:  0<br>Leitos UTI - Total:  0<br>% de leitos UTI SUS:  0.0<br>Leitos UTI a cada 10k habitantes:  0.0,Jupi<br><br>População:  14836<br>Leitos UTI COVID-19 SUS:  0<br>Leitos UTI COVID-19 não-SUS:  0<br>Leitos UTI COVID-19 - Total:  0<br>% de leitos UTI COVID-19 SUS:  0.0<br>Leitos UTI COVID-19 a cada 10k habitantes:  0.0
1560,260840,Jurema,15378,PE,9,0,9,100.0,5.85,7,0,7,100.0,4.55,0,0,0,0.0,0.0,27,0,27,100.0,17.56,0,0,0,0.0,0.0,0,0,0,0.0,0.0,Jurema<br><br>População:  15378<br>Enfermeiros SUS:  9<br>Enfermeiros não-SUS:  0<br>Enfermeiros - Total:  9<br>% de enfermeiros SUS:  100.0<br>Enfermeiros a cada 10k habitantes:  5.85,Jurema<br><br>População:  15378<br>Médicos SUS:  7<br>Médicos não-SUS:  0<br>Médicos - Total:  7<br>% de médicos SUS:  100.0<br>Médicos a cada 10k habitantes:  4.55,Jurema<br><br>População:  15378<br>Hospitais públicos:  0<br>Hospitais não-públicos:  0<br>Hospitais - Total:  0<br>% de hospitais públicos:  0.0<br>Hospitais a cada 100k habitantes:  0.0,Jurema<br><br>População:  15378<br>Leitos (internação) SUS:  27<br>Leitos (internação) não-SUS:  0<br>Leitos (internação) - Total:  27<br>% de leitos (internação) SUS:  100.0<br>Leitos (internação) a cada 10k habitantes:  17.56,Jurema<br><br>População:  15378<br>Leitos UTI SUS:  0<br>Leitos UTI não-SUS:  0<br>Leitos UTI - Total:  0<br>% de leitos UTI SUS:  0.0<br>Leitos UTI a cada 10k habitantes:  0.0,Jurema<br><br>População:  15378<br>Leitos UTI COVID-19 SUS:  0<br>Leitos UTI COVID-19 não-SUS:  0<br>Leitos UTI COVID-19 - Total:  0<br>% de leitos UTI COVID-19 SUS:  0.0<br>Leitos UTI COVID-19 a cada 10k habitantes:  0.0
1561,260850,Lagoa de Itaenga,21429,PE,18,0,18,100.0,8.4,12,0,12,100.0,5.6,0,0,0,0.0,0.0,27,0,27,100.0,12.6,0,0,0,0.0,0.0,0,0,0,0.0,0.0,Lagoa de Itaenga<br><br>População:  21429<br>Enfermeiros SUS:  18<br>Enfermeiros não-SUS:  0<br>Enfermeiros - Total:  18<br>% de enfermeiros SUS:  100.0<br>Enfermeiros a cada 10k habitantes:  8.4,Lagoa de Itaenga<br><br>População:  21429<br>Médicos SUS:  12<br>Médicos não-SUS:  0<br>Médicos - Total:  12<br>% de médicos SUS:  100.0<br>Médicos a cada 10k habitantes:  5.6,Lagoa de Itaenga<br><br>População:  21429<br>Hospitais públicos:  0<br>Hospitais não-públicos:  0<br>Hospitais - Total:  0<br>% de hospitais públicos:  0.0<br>Hospitais a cada 100k habitantes:  0.0,Lagoa de Itaenga<br><br>População:  21429<br>Leitos (internação) SUS:  27<br>Leitos (internação) não-SUS:  0<br>Leitos (internação) - Total:  27<br>% de leitos (internação) SUS:  100.0<br>Leitos (internação) a cada 10k habitantes:  12.6,Lagoa de Itaenga<br><br>População:  21429<br>Leitos UTI SUS:  0<br>Leitos UTI não-SUS:  0<br>Leitos UTI - Total:  0<br>% de leitos UTI SUS:  0.0<br>Leitos UTI a cada 10k habitantes:  0.0,Lagoa de Itaenga<br><br>População:  21429<br>Leitos UTI COVID-19 SUS:  0<br>Leitos UTI COVID-19 não-SUS:  0<br>Leitos UTI COVID-19 - Total:  0<br>% de leitos UTI COVID-19 SUS:  0.0<br>Leitos UTI COVID-19 a cada 10k habitantes:  0.0
1562,260845,Lagoa do Carro,18071,PE,15,0,15,100.0,8.3,9,0,9,100.0,4.98,0,0,0,0.0,0.0,13,0,13,100.0,7.19,9,0,9,100.0,4.98,0,0,0,0.0,0.0,Lagoa do Carro<br><br>População:  18071<br>Enfermeiros SUS:  15<br>Enfermeiros não-SUS:  0<br>Enfermeiros - Total:  15<br>% de enfermeiros SUS:  100.0<br>Enfermeiros a cada 10k habitantes:  8.3,Lagoa do Carro<br><br>População:  18071<br>Médicos SUS:  9<br>Médicos não-SUS:  0<br>Médicos - Total:  9<br>% de médicos SUS:  100.0<br>Médicos a cada 10k habitantes:  4.98,Lagoa do Carro<br><br>População:  18071<br>Hospitais públicos:  0<br>Hospitais não-públicos:  0<br>Hospitais - Total:  0<br>% de hospitais públicos:  0.0<br>Hospitais a cada 100k habitantes:  0.0,Lagoa do Carro<br><br>População:  18071<br>Leitos (internação) SUS:  13<br>Leitos (internação) não-SUS:  0<br>Leitos (internação) - Total:  13<br>% de leitos (internação) SUS:  100.0<br>Leitos (internação) a cada 10k habitantes:  7.19,Lagoa do Carro<br><br>População:  18071<br>Leitos UTI SUS:  9<br>Leitos UTI não-SUS:  0<br>Leitos UTI - Total:  9<br>% de leitos UTI SUS:  100.0<br>Leitos UTI a cada 10k habitantes:  4.98,Lagoa do Carro<br><br>População:  18071<br>Leitos UTI COVID-19 SUS:  0<br>Leitos UTI COVID-19 não-SUS:  0<br>Leitos UTI COVID-19 - Total:  0<br>% de leitos UTI COVID-19 SUS:  0.0<br>Leitos UTI COVID-19 a cada 10k habitantes:  0.0
1563,260860,Lagoa do Ouro,13145,PE,15,0,15,100.0,11.41,5,0,5,100.0,3.8,1,0,1,100.0,7.61,33,0,33,100.0,25.1,0,0,0,0.0,0.0,0,0,0,0.0,0.0,Lagoa do Ouro<br><br>População:  13145<br>Enfermeiros SUS:  15<br>Enfermeiros não-SUS:  0<br>Enfermeiros - Total:  15<br>% de enfermeiros SUS:  100.0<br>Enfermeiros a cada 10k habitantes:  11.41,Lagoa do Ouro<br><br>População:  13145<br>Médicos SUS:  5<br>Médicos não-SUS:  0<br>Médicos - Total:  5<br>% de médicos SUS:  100.0<br>Médicos a cada 10k habitantes:  3.8,Lagoa do Ouro<br><br>População:  13145<br>Hospitais públicos:  1<br>Hospitais não-públicos:  0<br>Hospitais - Total:  1<br>% de hospitais públicos:  100.0<br>Hospitais a cada 100k habitantes:  7.61,Lagoa do Ouro<br><br>População:  13145<br>Leitos (internação) SUS:  33<br>Leitos (internação) não-SUS:  0<br>Leitos (internação) - Total:  33<br>% de leitos (internação) SUS:  100.0<br>Leitos (internação) a cada 10k habitantes:  25.1,Lagoa do Ouro<br><br>População:  13145<br>Leitos UTI SUS:  0<br>Leitos UTI não-SUS:  0<br>Leitos UTI - Total:  0<br>% de leitos UTI SUS:  0.0<br>Leitos UTI a cada 10k habitantes:  0.0,Lagoa do Ouro<br><br>População:  13145<br>Leitos UTI COVID-19 SUS:  0<br>Leitos UTI COVID-19 não-SUS:  0<br>Leitos UTI COVID-19 - Total:  0<br>% de leitos UTI COVID-19 SUS:  0.0<br>Leitos UTI COVID-19 a cada 10k habitantes:  0.0
1564,260870,Lagoa dos Gatos,16290,PE,9,0,9,100.0,5.52,4,0,4,100.0,2.46,1,0,1,100.0,6.14,17,0,17,100.0,10.44,0,0,0,0.0,0.0,0,0,0,0.0,0.0,Lagoa dos Gatos<br><br>População:  16290<br>Enfermeiros SUS:  9<br>Enfermeiros não-SUS:  0<br>Enfermeiros - Total:  9<br>% de enfermeiros SUS:  100.0<br>Enfermeiros a cada 10k habitantes:  5.52,Lagoa dos Gatos<br><br>População:  16290<br>Médicos SUS:  4<br>Médicos não-SUS:  0<br>Médicos - Total:  4<br>% de médicos SUS:  100.0<br>Médicos a cada 10k habitantes:  2.46,Lagoa dos Gatos<br><br>População:  16290<br>Hospitais públicos:  1<br>Hospitais não-públicos:  0<br>Hospitais - Total:  1<br>% de hospitais públicos:  100.0<br>Hospitais a cada 100k habitantes:  6.14,Lagoa dos Gatos<br><br>População:  16290<br>Leitos (internação) SUS:  17<br>Leitos (internação) não-SUS:  0<br>Leitos (internação) - Total:  17<br>% de leitos (internação) SUS:  100.0<br>Leitos (internação) a cada 10k habitantes:  10.44,Lagoa dos Gatos<br><br>População:  16290<br>Leitos UTI SUS:  0<br>Leitos UTI não-SUS:  0<br>Leitos UTI - Total:  0<br>% de leitos UTI SUS:  0.0<br>Leitos UTI a cada 10k habitantes:  0.0,Lagoa dos Gatos<br><br>População:  16290<br>Leitos UTI COVID-19 SUS:  0<br>Leitos UTI COVID-19 não-SUS:  0<br>Leitos UTI COVID-19 - Total:  0<br>% de leitos UTI COVID-19 SUS:  0.0<br>Leitos UTI COVID-19 a cada 10k habitantes:  0.0
1565,260875,Lagoa Grande,25601,PE,25,0,25,100.0,9.77,16,0,16,100.0,6.25,1,0,1,100.0,3.91,31,0,31,100.0,12.11,0,0,0,0.0,0.0,0,0,0,0.0,0.0,Lagoa Grande<br><br>População:  25601<br>Enfermeiros SUS:  25<br>Enfermeiros não-SUS:  0<br>Enfermeiros - Total:  25<br>% de enfermeiros SUS:  100.0<br>Enfermeiros a cada 10k habitantes:  9.77,Lagoa Grande<br><br>População:  25601<br>Médicos SUS:  16<br>Médicos não-SUS:  0<br>Médicos - Total:  16<br>% de médicos SUS:  100.0<br>Médicos a cada 10k habitantes:  6.25,Lagoa Grande<br><br>População:  25601<br>Hospitais públicos:  1<br>Hospitais não-públicos:  0<br>Hospitais - Total:  1<br>% de hospitais públicos:  100.0<br>Hospitais a cada 100k habitantes:  3.91,Lagoa Grande<br><br>População:  25601<br>Leitos (internação) SUS:  31<br>Leitos (internação) não-SUS:  0<br>Leitos (internação) - Total:  31<br>% de leitos (internação) SUS:  100.0<br>Leitos (internação) a cada 10k habitantes:  12.11,Lagoa Grande<br><br>População:  25601<br>Leitos UTI SUS:  0<br>Leitos UTI não-SUS:  0<br>Leitos UTI - Total:  0<br>% de leitos UTI SUS:  0.0<br>Leitos UTI a cada 10k habitantes:  0.0,Lagoa Grande<br><br>População:  25601<br>Leitos UTI COVID-19 SUS:  0<br>Leitos UTI COVID-19 não-SUS:  0<br>Leitos UTI COVID-19 - Total:  0<br>% de leitos UTI COVID-19 SUS:  0.0<br>Leitos UTI COVID-19 a cada 10k habitantes:  0.0
1566,260880,Lajedo,40288,PE,20,0,20,100.0,4.96,8,2,10,80.0,2.48,1,0,1,100.0,2.48,41,0,41,100.0,10.18,0,0,0,0.0,0.0,0,0,0,0.0,0.0,Lajedo<br><br>População:  40288<br>Enfermeiros SUS:  20<br>Enfermeiros não-SUS:  0<br>Enfermeiros - Total:  20<br>% de enfermeiros SUS:  100.0<br>Enfermeiros a cada 10k habitantes:  4.96,Lajedo<br><br>População:  40288<br>Médicos SUS:  8<br>Médicos não-SUS:  2<br>Médicos - Total:  10<br>% de médicos SUS:  80.0<br>Médicos a cada 10k habitantes:  2.48,Lajedo<br><br>População:  40288<br>Hospitais públicos:  1<br>Hospitais não-públicos:  0<br>Hospitais - Total:  1<br>% de hospitais públicos:  100.0<br>Hospitais a cada 100k habitantes:  2.48,Lajedo<br><br>População:  40288<br>Leitos (internação) SUS:  41<br>Leitos (internação) não-SUS:  0<br>Leitos (internação) - Total:  41<br>% de leitos (internação) SUS:  100.0<br>Leitos (internação) a cada 10k habitantes:  10.18,Lajedo<br><br>População:  40288<br>Leitos UTI SUS:  0<br>Leitos UTI não-SUS:  0<br>Leitos UTI - Total:  0<br>% de leitos UTI SUS:  0.0<br>Leitos UTI a cada 10k habitantes:  0.0,Lajedo<br><br>População:  40288<br>Leitos UTI COVID-19 SUS:  0<br>Leitos UTI COVID-19 não-SUS:  0<br>Leitos UTI COVID-19 - Total:  0<br>% de leitos UTI COVID-19 SUS:  0.0<br>Leitos UTI COVID-19 a cada 10k habitantes:  0.0
1567,260890,Limoeiro,56250,PE,86,1,87,98.85,15.47,84,17,101,83.17,17.96,2,1,3,66.67,5.33,122,25,147,82.99,26.13,10,20,30,33.33,5.33,0,10,10,0.0,1.78,Limoeiro<br><br>População:  56250<br>Enfermeiros SUS:  86<br>Enfermeiros não-SUS:  1<br>Enfermeiros - Total:  87<br>% de enfermeiros SUS:  98.85<br>Enfermeiros a cada 10k habitantes:  15.47,Limoeiro<br><br>População:  56250<br>Médicos SUS:  84<br>Médicos não-SUS:  17<br>Médicos - Total:  101<br>% de médicos SUS:  83.17<br>Médicos a cada 10k habitantes:  17.96,Limoeiro<br><br>População:  56250<br>Hospitais públicos:  2<br>Hospitais não-públicos:  1<br>Hospitais - Total:  3<br>% de hospitais públicos:  66.67<br>Hospitais a cada 100k habitantes:  5.33,Limoeiro<br><br>População:  56250<br>Leitos (internação) SUS:  122<br>Leitos (internação) não-SUS:  25<br>Leitos (internação) - Total:  147<br>% de leitos (internação) SUS:  82.99<br>Leitos (internação) a cada 10k habitantes:  26.13,Limoeiro<br><br>População:  56250<br>Leitos UTI SUS:  10<br>Leitos UTI não-SUS:  20<br>Leitos UTI - Total:  30<br>% de leitos UTI SUS:  33.33<br>Leitos UTI a cada 10k habitantes:  5.33,Limoeiro<br><br>População:  56250<br>Leitos UTI COVID-19 SUS:  0<br>Leitos UTI COVID-19 não-SUS:  10<br>Leitos UTI COVID-19 - Total:  10<br>% de leitos UTI COVID-19 SUS:  0.0<br>Leitos UTI COVID-19 a cada 10k habitantes:  1.78
1568,260900,Macaparana,25376,PE,18,0,18,100.0,7.09,11,0,11,100.0,4.33,0,0,0,0.0,0.0,52,0,52,100.0,20.49,0,0,0,0.0,0.0,0,0,0,0.0,0.0,Macaparana<br><br>População:  25376<br>Enfermeiros SUS:  18<br>Enfermeiros não-SUS:  0<br>Enfermeiros - Total:  18<br>% de enfermeiros SUS:  100.0<br>Enfermeiros a cada 10k habitantes:  7.09,Macaparana<br><br>População:  25376<br>Médicos SUS:  11<br>Médicos não-SUS:  0<br>Médicos - Total:  11<br>% de médicos SUS:  100.0<br>Médicos a cada 10k habitantes:  4.33,Macaparana<br><br>População:  25376<br>Hospitais públicos:  0<br>Hospitais não-públicos:  0<br>Hospitais - Total:  0<br>% de hospitais públicos:  0.0<br>Hospitais a cada 100k habitantes:  0.0,Macaparana<br><br>População:  25376<br>Leitos (internação) SUS:  52<br>Leitos (internação) não-SUS:  0<br>Leitos (internação) - Total:  52<br>% de leitos (internação) SUS:  100.0<br>Leitos (internação) a cada 10k habitantes:  20.49,Macaparana<br><br>População:  25376<br>Leitos UTI SUS:  0<br>Leitos UTI não-SUS:  0<br>Leitos UTI - Total:  0<br>% de leitos UTI SUS:  0.0<br>Leitos UTI a cada 10k habitantes:  0.0,Macaparana<br><br>População:  25376<br>Leitos UTI COVID-19 SUS:  0<br>Leitos UTI COVID-19 não-SUS:  0<br>Leitos UTI COVID-19 - Total:  0<br>% de leitos UTI COVID-19 SUS:  0.0<br>Leitos UTI COVID-19 a cada 10k habitantes:  0.0
1569,260910,Machados,16088,PE,15,0,15,100.0,9.32,6,0,6,100.0,3.73,1,0,1,100.0,6.22,15,0,15,100.0,9.32,0,0,0,0.0,0.0,0,0,0,0.0,0.0,Machados<br><br>População:  16088<br>Enfermeiros SUS:  15<br>Enfermeiros não-SUS:  0<br>Enfermeiros - Total:  15<br>% de enfermeiros SUS:  100.0<br>Enfermeiros a cada 10k habitantes:  9.32,Machados<br><br>População:  16088<br>Médicos SUS:  6<br>Médicos não-SUS:  0<br>Médicos - Total:  6<br>% de médicos SUS:  100.0<br>Médicos a cada 10k habitantes:  3.73,Machados<br><br>População:  16088<br>Hospitais públicos:  1<br>Hospitais não-públicos:  0<br>Hospitais - Total:  1<br>% de hospitais públicos:  100.0<br>Hospitais a cada 100k habitantes:  6.22,Machados<br><br>População:  16088<br>Leitos (internação) SUS:  15<br>Leitos (internação) não-SUS:  0<br>Leitos (internação) - Total:  15<br>% de leitos (internação) SUS:  100.0<br>Leitos (internação) a cada 10k habitantes:  9.32,Machados<br><br>População:  16088<br>Leitos UTI SUS:  0<br>Leitos UTI não-SUS:  0<br>Leitos UTI - Total:  0<br>% de leitos UTI SUS:  0.0<br>Leitos UTI a cada 10k habitantes:  0.0,Machados<br><br>População:  16088<br>Leitos UTI COVID-19 SUS:  0<br>Leitos UTI COVID-19 não-SUS:  0<br>Leitos UTI COVID-19 - Total:  0<br>% de leitos UTI COVID-19 SUS:  0.0<br>Leitos UTI COVID-19 a cada 10k habitantes:  0.0
1570,260915,Manari,21434,PE,12,0,12,100.0,5.6,6,0,6,100.0,2.8,0,0,0,0.0,0.0,27,0,27,100.0,12.6,0,0,0,0.0,0.0,0,0,0,0.0,0.0,Manari<br><br>População:  21434<br>Enfermeiros SUS:  12<br>Enfermeiros não-SUS:  0<br>Enfermeiros - Total:  12<br>% de enfermeiros SUS:  100.0<br>Enfermeiros a cada 10k habitantes:  5.6,Manari<br><br>População:  21434<br>Médicos SUS:  6<br>Médicos não-SUS:  0<br>Médicos - Total:  6<br>% de médicos SUS:  100.0<br>Médicos a cada 10k habitantes:  2.8,Manari<br><br>População:  21434<br>Hospitais públicos:  0<br>Hospitais não-públicos:  0<br>Hospitais - Total:  0<br>% de hospitais públicos:  0.0<br>Hospitais a cada 100k habitantes:  0.0,Manari<br><br>População:  21434<br>Leitos (internação) SUS:  27<br>Leitos (internação) não-SUS:  0<br>Leitos (internação) - Total:  27<br>% de leitos (internação) SUS:  100.0<br>Leitos (internação) a cada 10k habitantes:  12.6,Manari<br><br>População:  21434<br>Leitos UTI SUS:  0<br>Leitos UTI não-SUS:  0<br>Leitos UTI - Total:  0<br>% de leitos UTI SUS:  0.0<br>Leitos UTI a cada 10k habitantes:  0.0,Manari<br><br>População:  21434<br>Leitos UTI COVID-19 SUS:  0<br>Leitos UTI COVID-19 não-SUS:  0<br>Leitos UTI COVID-19 - Total:  0<br>% de leitos UTI COVID-19 SUS:  0.0<br>Leitos UTI COVID-19 a cada 10k habitantes:  0.0
1571,260920,Maraial,11345,PE,4,0,4,100.0,3.53,0,0,0,0.0,0.0,0,0,0,0.0,0.0,13,0,13,100.0,11.46,0,0,0,0.0,0.0,0,0,0,0.0,0.0,Maraial<br><br>População:  11345<br>Enfermeiros SUS:  4<br>Enfermeiros não-SUS:  0<br>Enfermeiros - Total:  4<br>% de enfermeiros SUS:  100.0<br>Enfermeiros a cada 10k habitantes:  3.53,Maraial<br><br>População:  11345<br>Médicos SUS:  0<br>Médicos não-SUS:  0<br>Médicos - Total:  0<br>% de médicos SUS:  0.0<br>Médicos a cada 10k habitantes:  0.0,Maraial<br><br>População:  11345<br>Hospitais públicos:  0<br>Hospitais não-públicos:  0<br>Hospitais - Total:  0<br>% de hospitais públicos:  0.0<br>Hospitais a cada 100k habitantes:  0.0,Maraial<br><br>População:  11345<br>Leitos (internação) SUS:  13<br>Leitos (internação) não-SUS:  0<br>Leitos (internação) - Total:  13<br>% de leitos (internação) SUS:  100.0<br>Leitos (internação) a cada 10k habitantes:  11.46,Maraial<br><br>População:  11345<br>Leitos UTI SUS:  0<br>Leitos UTI não-SUS:  0<br>Leitos UTI - Total:  0<br>% de leitos UTI SUS:  0.0<br>Leitos UTI a cada 10k habitantes:  0.0,Maraial<br><br>População:  11345<br>Leitos UTI COVID-19 SUS:  0<br>Leitos UTI COVID-19 não-SUS:  0<br>Leitos UTI COVID-19 - Total:  0<br>% de leitos UTI COVID-19 SUS:  0.0<br>Leitos UTI COVID-19 a cada 10k habitantes:  0.0
1572,260930,Mirandiba,15390,PE,9,0,9,100.0,5.85,5,0,5,100.0,3.25,0,0,0,0.0,0.0,9,0,9,100.0,5.85,8,0,8,100.0,5.2,0,0,0,0.0,0.0,Mirandiba<br><br>População:  15390<br>Enfermeiros SUS:  9<br>Enfermeiros não-SUS:  0<br>Enfermeiros - Total:  9<br>% de enfermeiros SUS:  100.0<br>Enfermeiros a cada 10k habitantes:  5.85,Mirandiba<br><br>População:  15390<br>Médicos SUS:  5<br>Médicos não-SUS:  0<br>Médicos - Total:  5<br>% de médicos SUS:  100.0<br>Médicos a cada 10k habitantes:  3.25,Mirandiba<br><br>População:  15390<br>Hospitais públicos:  0<br>Hospitais não-públicos:  0<br>Hospitais - Total:  0<br>% de hospitais públicos:  0.0<br>Hospitais a cada 100k habitantes:  0.0,Mirandiba<br><br>População:  15390<br>Leitos (internação) SUS:  9<br>Leitos (internação) não-SUS:  0<br>Leitos (internação) - Total:  9<br>% de leitos (internação) SUS:  100.0<br>Leitos (internação) a cada 10k habitantes:  5.85,Mirandiba<br><br>População:  15390<br>Leitos UTI SUS:  8<br>Leitos UTI não-SUS:  0<br>Leitos UTI - Total:  8<br>% de leitos UTI SUS:  100.0<br>Leitos UTI a cada 10k habitantes:  5.2,Mirandiba<br><br>População:  15390<br>Leitos UTI COVID-19 SUS:  0<br>Leitos UTI COVID-19 não-SUS:  0<br>Leitos UTI COVID-19 - Total:  0<br>% de leitos UTI COVID-19 SUS:  0.0<br>Leitos UTI COVID-19 a cada 10k habitantes:  0.0
1573,261430,Moreilândia,11270,PE,12,0,12,100.0,10.65,7,0,7,100.0,6.21,1,0,1,100.0,8.87,11,0,11,100.0,9.76,0,0,0,0.0,0.0,0,0,0,0.0,0.0,Moreilândia<br><br>População:  11270<br>Enfermeiros SUS:  12<br>Enfermeiros não-SUS:  0<br>Enfermeiros - Total:  12<br>% de enfermeiros SUS:  100.0<br>Enfermeiros a cada 10k habitantes:  10.65,Moreilândia<br><br>População:  11270<br>Médicos SUS:  7<br>Médicos não-SUS:  0<br>Médicos - Total:  7<br>% de médicos SUS:  100.0<br>Médicos a cada 10k habitantes:  6.21,Moreilândia<br><br>População:  11270<br>Hospitais públicos:  1<br>Hospitais não-públicos:  0<br>Hospitais - Total:  1<br>% de hospitais públicos:  100.0<br>Hospitais a cada 100k habitantes:  8.87,Moreilândia<br><br>População:  11270<br>Leitos (internação) SUS:  11<br>Leitos (internação) não-SUS:  0<br>Leitos (internação) - Total:  11<br>% de leitos (internação) SUS:  100.0<br>Leitos (internação) a cada 10k habitantes:  9.76,Moreilândia<br><br>População:  11270<br>Leitos UTI SUS:  0<br>Leitos UTI não-SUS:  0<br>Leitos UTI - Total:  0<br>% de leitos UTI SUS:  0.0<br>Leitos UTI a cada 10k habitantes:  0.0,Moreilândia<br><br>População:  11270<br>Leitos UTI COVID-19 SUS:  0<br>Leitos UTI COVID-19 não-SUS:  0<br>Leitos UTI COVID-19 - Total:  0<br>% de leitos UTI COVID-19 SUS:  0.0<br>Leitos UTI COVID-19 a cada 10k habitantes:  0.0
1574,260940,Moreno,62784,PE,40,0,40,100.0,6.37,49,0,49,100.0,7.8,0,1,1,0.0,1.59,135,0,135,100.0,21.5,0,20,20,0.0,3.19,0,20,20,0.0,3.19,Moreno<br><br>População:  62784<br>Enfermeiros SUS:  40<br>Enfermeiros não-SUS:  0<br>Enfermeiros - Total:  40<br>% de enfermeiros SUS:  100.0<br>Enfermeiros a cada 10k habitantes:  6.37,Moreno<br><br>População:  62784<br>Médicos SUS:  49<br>Médicos não-SUS:  0<br>Médicos - Total:  49<br>% de médicos SUS:  100.0<br>Médicos a cada 10k habitantes:  7.8,Moreno<br><br>População:  62784<br>Hospitais públicos:  0<br>Hospitais não-públicos:  1<br>Hospitais - Total:  1<br>% de hospitais públicos:  0.0<br>Hospitais a cada 100k habitantes:  1.59,Moreno<br><br>População:  62784<br>Leitos (internação) SUS:  135<br>Leitos (internação) não-SUS:  0<br>Leitos (internação) - Total:  135<br>% de leitos (internação) SUS:  100.0<br>Leitos (internação) a cada 10k habitantes:  21.5,Moreno<br><br>População:  62784<br>Leitos UTI SUS:  0<br>Leitos UTI não-SUS:  20<br>Leitos UTI - Total:  20<br>% de leitos UTI SUS:  0.0<br>Leitos UTI a cada 10k habitantes:  3.19,Moreno<br><br>População:  62784<br>Leitos UTI COVID-19 SUS:  0<br>Leitos UTI COVID-19 não-SUS:  20<br>Leitos UTI COVID-19 - Total:  20<br>% de leitos UTI COVID-19 SUS:  0.0<br>Leitos UTI COVID-19 a cada 10k habitantes:  3.19
1575,260950,Nazaré da Mata,32471,PE,42,0,42,100.0,12.93,47,0,47,100.0,14.47,1,0,1,100.0,3.08,40,0,40,100.0,12.32,1,0,1,100.0,0.31,0,0,0,0.0,0.0,Nazaré da Mata<br><br>População:  32471<br>Enfermeiros SUS:  42<br>Enfermeiros não-SUS:  0<br>Enfermeiros - Total:  42<br>% de enfermeiros SUS:  100.0<br>Enfermeiros a cada 10k habitantes:  12.93,Nazaré da Mata<br><br>População:  32471<br>Médicos SUS:  47<br>Médicos não-SUS:  0<br>Médicos - Total:  47<br>% de médicos SUS:  100.0<br>Médicos a cada 10k habitantes:  14.47,Nazaré da Mata<br><br>População:  32471<br>Hospitais públicos:  1<br>Hospitais não-públicos:  0<br>Hospitais - Total:  1<br>% de hospitais públicos:  100.0<br>Hospitais a cada 100k habitantes:  3.08,Nazaré da Mata<br><br>População:  32471<br>Leitos (internação) SUS:  40<br>Leitos (internação) não-SUS:  0<br>Leitos (internação) - Total:  40<br>% de leitos (internação) SUS:  100.0<br>Leitos (internação) a cada 10k habitantes:  12.32,Nazaré da Mata<br><br>População:  32471<br>Leitos UTI SUS:  1<br>Leitos UTI não-SUS:  0<br>Leitos UTI - Total:  1<br>% de leitos UTI SUS:  100.0<br>Leitos UTI a cada 10k habitantes:  0.31,Nazaré da Mata<br><br>População:  32471<br>Leitos UTI COVID-19 SUS:  0<br>Leitos UTI COVID-19 não-SUS:  0<br>Leitos UTI COVID-19 - Total:  0<br>% de leitos UTI COVID-19 SUS:  0.0<br>Leitos UTI COVID-19 a cada 10k habitantes:  0.0
1576,260960,Olinda,392482,PE,225,30,255,88.24,6.5,368,148,516,71.32,13.15,2,7,9,22.22,2.29,354,240,594,59.6,15.13,47,99,146,32.19,3.72,22,2,24,91.67,0.61,Olinda<br><br>População:  392482<br>Enfermeiros SUS:  225<br>Enfermeiros não-SUS:  30<br>Enfermeiros - Total:  255<br>% de enfermeiros SUS:  88.24<br>Enfermeiros a cada 10k habitantes:  6.5,Olinda<br><br>População:  392482<br>Médicos SUS:  368<br>Médicos não-SUS:  148<br>Médicos - Total:  516<br>% de médicos SUS:  71.32<br>Médicos a cada 10k habitantes:  13.15,Olinda<br><br>População:  392482<br>Hospitais públicos:  2<br>Hospitais não-públicos:  7<br>Hospitais - Total:  9<br>% de hospitais públicos:  22.22<br>Hospitais a cada 100k habitantes:  2.29,Olinda<br><br>População:  392482<br>Leitos (internação) SUS:  354<br>Leitos (internação) não-SUS:  240<br>Leitos (internação) - Total:  594<br>% de leitos (internação) SUS:  59.6<br>Leitos (internação) a cada 10k habitantes:  15.13,Olinda<br><br>População:  392482<br>Leitos UTI SUS:  47<br>Leitos UTI não-SUS:  99<br>Leitos UTI - Total:  146<br>% de leitos UTI SUS:  32.19<br>Leitos UTI a cada 10k habitantes:  3.72,Olinda<br><br>População:  392482<br>Leitos UTI COVID-19 SUS:  22<br>Leitos UTI COVID-19 não-SUS:  2<br>Leitos UTI COVID-19 - Total:  24<br>% de leitos UTI COVID-19 SUS:  91.67<br>Leitos UTI COVID-19 a cada 10k habitantes:  0.61
1577,260970,Orobó,23884,PE,11,0,11,100.0,4.61,10,0,10,100.0,4.19,0,1,1,0.0,4.19,32,0,32,100.0,13.4,0,0,0,0.0,0.0,0,0,0,0.0,0.0,Orobó<br><br>População:  23884<br>Enfermeiros SUS:  11<br>Enfermeiros não-SUS:  0<br>Enfermeiros - Total:  11<br>% de enfermeiros SUS:  100.0<br>Enfermeiros a cada 10k habitantes:  4.61,Orobó<br><br>População:  23884<br>Médicos SUS:  10<br>Médicos não-SUS:  0<br>Médicos - Total:  10<br>% de médicos SUS:  100.0<br>Médicos a cada 10k habitantes:  4.19,Orobó<br><br>População:  23884<br>Hospitais públicos:  0<br>Hospitais não-públicos:  1<br>Hospitais - Total:  1<br>% de hospitais públicos:  0.0<br>Hospitais a cada 100k habitantes:  4.19,Orobó<br><br>População:  23884<br>Leitos (internação) SUS:  32<br>Leitos (internação) não-SUS:  0<br>Leitos (internação) - Total:  32<br>% de leitos (internação) SUS:  100.0<br>Leitos (internação) a cada 10k habitantes:  13.4,Orobó<br><br>População:  23884<br>Leitos UTI SUS:  0<br>Leitos UTI não-SUS:  0<br>Leitos UTI - Total:  0<br>% de leitos UTI SUS:  0.0<br>Leitos UTI a cada 10k habitantes:  0.0,Orobó<br><br>População:  23884<br>Leitos UTI COVID-19 SUS:  0<br>Leitos UTI COVID-19 não-SUS:  0<br>Leitos UTI COVID-19 - Total:  0<br>% de leitos UTI COVID-19 SUS:  0.0<br>Leitos UTI COVID-19 a cada 10k habitantes:  0.0
1578,260980,Orocó,14991,PE,13,0,13,100.0,8.67,5,0,5,100.0,3.34,1,0,1,100.0,6.67,17,0,17,100.0,11.34,0,0,0,0.0,0.0,0,0,0,0.0,0.0,Orocó<br><br>População:  14991<br>Enfermeiros SUS:  13<br>Enfermeiros não-SUS:  0<br>Enfermeiros - Total:  13<br>% de enfermeiros SUS:  100.0<br>Enfermeiros a cada 10k habitantes:  8.67,Orocó<br><br>População:  14991<br>Médicos SUS:  5<br>Médicos não-SUS:  0<br>Médicos - Total:  5<br>% de médicos SUS:  100.0<br>Médicos a cada 10k habitantes:  3.34,Orocó<br><br>População:  14991<br>Hospitais públicos:  1<br>Hospitais não-públicos:  0<br>Hospitais - Total:  1<br>% de hospitais públicos:  100.0<br>Hospitais a cada 100k habitantes:  6.67,Orocó<br><br>População:  14991<br>Leitos (internação) SUS:  17<br>Leitos (internação) não-SUS:  0<br>Leitos (internação) - Total:  17<br>% de leitos (internação) SUS:  100.0<br>Leitos (internação) a cada 10k habitantes:  11.34,Orocó<br><br>População:  14991<br>Leitos UTI SUS:  0<br>Leitos UTI não-SUS:  0<br>Leitos UTI - Total:  0<br>% de leitos UTI SUS:  0.0<br>Leitos UTI a cada 10k habitantes:  0.0,Orocó<br><br>População:  14991<br>Leitos UTI COVID-19 SUS:  0<br>Leitos UTI COVID-19 não-SUS:  0<br>Leitos UTI COVID-19 - Total:  0<br>% de leitos UTI COVID-19 SUS:  0.0<br>Leitos UTI COVID-19 a cada 10k habitantes:  0.0
1579,260990,Ouricuri,69459,PE,67,0,67,100.0,9.65,81,1,82,98.78,11.81,2,1,3,66.67,4.32,110,6,116,94.83,16.7,2,10,12,16.67,1.73,0,0,0,0.0,0.0,Ouricuri<br><br>População:  69459<br>Enfermeiros SUS:  67<br>Enfermeiros não-SUS:  0<br>Enfermeiros - Total:  67<br>% de enfermeiros SUS:  100.0<br>Enfermeiros a cada 10k habitantes:  9.65,Ouricuri<br><br>População:  69459<br>Médicos SUS:  81<br>Médicos não-SUS:  1<br>Médicos - Total:  82<br>% de médicos SUS:  98.78<br>Médicos a cada 10k habitantes:  11.81,Ouricuri<br><br>População:  69459<br>Hospitais públicos:  2<br>Hospitais não-públicos:  1<br>Hospitais - Total:  3<br>% de hospitais públicos:  66.67<br>Hospitais a cada 100k habitantes:  4.32,Ouricuri<br><br>População:  69459<br>Leitos (internação) SUS:  110<br>Leitos (internação) não-SUS:  6<br>Leitos (internação) - Total:  116<br>% de leitos (internação) SUS:  94.83<br>Leitos (internação) a cada 10k habitantes:  16.7,Ouricuri<br><br>População:  69459<br>Leitos UTI SUS:  2<br>Leitos UTI não-SUS:  10<br>Leitos UTI - Total:  12<br>% de leitos UTI SUS:  16.67<br>Leitos UTI a cada 10k habitantes:  1.73,Ouricuri<br><br>População:  69459<br>Leitos UTI COVID-19 SUS:  0<br>Leitos UTI COVID-19 não-SUS:  0<br>Leitos UTI COVID-19 - Total:  0<br>% de leitos UTI COVID-19 SUS:  0.0<br>Leitos UTI COVID-19 a cada 10k habitantes:  0.0
1580,261000,Palmares,63250,PE,76,1,77,98.7,12.17,121,1,122,99.18,19.29,1,1,2,50.0,3.16,273,31,304,89.8,48.06,47,48,95,49.47,15.02,0,30,30,0.0,4.74,Palmares<br><br>População:  63250<br>Enfermeiros SUS:  76<br>Enfermeiros não-SUS:  1<br>Enfermeiros - Total:  77<br>% de enfermeiros SUS:  98.7<br>Enfermeiros a cada 10k habitantes:  12.17,Palmares<br><br>População:  63250<br>Médicos SUS:  121<br>Médicos não-SUS:  1<br>Médicos - Total:  122<br>% de médicos SUS:  99.18<br>Médicos a cada 10k habitantes:  19.29,Palmares<br><br>População:  63250<br>Hospitais públicos:  1<br>Hospitais não-públicos:  1<br>Hospitais - Total:  2<br>% de hospitais públicos:  50.0<br>Hospitais a cada 100k habitantes:  3.16,Palmares<br><br>População:  63250<br>Leitos (internação) SUS:  273<br>Leitos (internação) não-SUS:  31<br>Leitos (internação) - Total:  304<br>% de leitos (internação) SUS:  89.8<br>Leitos (internação) a cada 10k habitantes:  48.06,Palmares<br><br>População:  63250<br>Leitos UTI SUS:  47<br>Leitos UTI não-SUS:  48<br>Leitos UTI - Total:  95<br>% de leitos UTI SUS:  49.47<br>Leitos UTI a cada 10k habitantes:  15.02,Palmares<br><br>População:  63250<br>Leitos UTI COVID-19 SUS:  0<br>Leitos UTI COVID-19 não-SUS:  30<br>Leitos UTI COVID-19 - Total:  30<br>% de leitos UTI COVID-19 SUS:  0.0<br>Leitos UTI COVID-19 a cada 10k habitantes:  4.74
1581,261010,Palmeirina,7693,PE,6,0,6,100.0,7.8,6,0,6,100.0,7.8,0,0,0,0.0,0.0,14,0,14,100.0,18.2,0,0,0,0.0,0.0,0,0,0,0.0,0.0,Palmeirina<br><br>População:  7693<br>Enfermeiros SUS:  6<br>Enfermeiros não-SUS:  0<br>Enfermeiros - Total:  6<br>% de enfermeiros SUS:  100.0<br>Enfermeiros a cada 10k habitantes:  7.8,Palmeirina<br><br>População:  7693<br>Médicos SUS:  6<br>Médicos não-SUS:  0<br>Médicos - Total:  6<br>% de médicos SUS:  100.0<br>Médicos a cada 10k habitantes:  7.8,Palmeirina<br><br>População:  7693<br>Hospitais públicos:  0<br>Hospitais não-públicos:  0<br>Hospitais - Total:  0<br>% de hospitais públicos:  0.0<br>Hospitais a cada 100k habitantes:  0.0,Palmeirina<br><br>População:  7693<br>Leitos (internação) SUS:  14<br>Leitos (internação) não-SUS:  0<br>Leitos (internação) - Total:  14<br>% de leitos (internação) SUS:  100.0<br>Leitos (internação) a cada 10k habitantes:  18.2,Palmeirina<br><br>População:  7693<br>Leitos UTI SUS:  0<br>Leitos UTI não-SUS:  0<br>Leitos UTI - Total:  0<br>% de leitos UTI SUS:  0.0<br>Leitos UTI a cada 10k habitantes:  0.0,Palmeirina<br><br>População:  7693<br>Leitos UTI COVID-19 SUS:  0<br>Leitos UTI COVID-19 não-SUS:  0<br>Leitos UTI COVID-19 - Total:  0<br>% de leitos UTI COVID-19 SUS:  0.0<br>Leitos UTI COVID-19 a cada 10k habitantes:  0.0
1582,261020,Panelas,26474,PE,16,0,16,100.0,6.04,5,0,5,100.0,1.89,0,0,0,0.0,0.0,26,0,26,100.0,9.82,0,0,0,0.0,0.0,0,0,0,0.0,0.0,Panelas<br><br>População:  26474<br>Enfermeiros SUS:  16<br>Enfermeiros não-SUS:  0<br>Enfermeiros - Total:  16<br>% de enfermeiros SUS:  100.0<br>Enfermeiros a cada 10k habitantes:  6.04,Panelas<br><br>População:  26474<br>Médicos SUS:  5<br>Médicos não-SUS:  0<br>Médicos - Total:  5<br>% de médicos SUS:  100.0<br>Médicos a cada 10k habitantes:  1.89,Panelas<br><br>População:  26474<br>Hospitais públicos:  0<br>Hospitais não-públicos:  0<br>Hospitais - Total:  0<br>% de hospitais públicos:  0.0<br>Hospitais a cada 100k habitantes:  0.0,Panelas<br><br>População:  26474<br>Leitos (internação) SUS:  26<br>Leitos (internação) não-SUS:  0<br>Leitos (internação) - Total:  26<br>% de leitos (internação) SUS:  100.0<br>Leitos (internação) a cada 10k habitantes:  9.82,Panelas<br><br>População:  26474<br>Leitos UTI SUS:  0<br>Leitos UTI não-SUS:  0<br>Leitos UTI - Total:  0<br>% de leitos UTI SUS:  0.0<br>Leitos UTI a cada 10k habitantes:  0.0,Panelas<br><br>População:  26474<br>Leitos UTI COVID-19 SUS:  0<br>Leitos UTI COVID-19 não-SUS:  0<br>Leitos UTI COVID-19 - Total:  0<br>% de leitos UTI COVID-19 SUS:  0.0<br>Leitos UTI COVID-19 a cada 10k habitantes:  0.0
1583,261030,Paranatama,11523,PE,14,0,14,100.0,12.15,5,0,5,100.0,4.34,1,0,1,100.0,8.68,32,0,32,100.0,27.77,0,0,0,0.0,0.0,0,0,0,0.0,0.0,Paranatama<br><br>População:  11523<br>Enfermeiros SUS:  14<br>Enfermeiros não-SUS:  0<br>Enfermeiros - Total:  14<br>% de enfermeiros SUS:  100.0<br>Enfermeiros a cada 10k habitantes:  12.15,Paranatama<br><br>População:  11523<br>Médicos SUS:  5<br>Médicos não-SUS:  0<br>Médicos - Total:  5<br>% de médicos SUS:  100.0<br>Médicos a cada 10k habitantes:  4.34,Paranatama<br><br>População:  11523<br>Hospitais públicos:  1<br>Hospitais não-públicos:  0<br>Hospitais - Total:  1<br>% de hospitais públicos:  100.0<br>Hospitais a cada 100k habitantes:  8.68,Paranatama<br><br>População:  11523<br>Leitos (internação) SUS:  32<br>Leitos (internação) não-SUS:  0<br>Leitos (internação) - Total:  32<br>% de leitos (internação) SUS:  100.0<br>Leitos (internação) a cada 10k habitantes:  27.77,Paranatama<br><br>População:  11523<br>Leitos UTI SUS:  0<br>Leitos UTI não-SUS:  0<br>Leitos UTI - Total:  0<br>% de leitos UTI SUS:  0.0<br>Leitos UTI a cada 10k habitantes:  0.0,Paranatama<br><br>População:  11523<br>Leitos UTI COVID-19 SUS:  0<br>Leitos UTI COVID-19 não-SUS:  0<br>Leitos UTI COVID-19 - Total:  0<br>% de leitos UTI COVID-19 SUS:  0.0<br>Leitos UTI COVID-19 a cada 10k habitantes:  0.0
1584,261040,Parnamirim,22010,PE,15,0,15,100.0,6.82,9,0,9,100.0,4.09,0,0,0,0.0,0.0,40,0,40,100.0,18.17,0,0,0,0.0,0.0,0,0,0,0.0,0.0,Parnamirim<br><br>População:  22010<br>Enfermeiros SUS:  15<br>Enfermeiros não-SUS:  0<br>Enfermeiros - Total:  15<br>% de enfermeiros SUS:  100.0<br>Enfermeiros a cada 10k habitantes:  6.82,Parnamirim<br><br>População:  22010<br>Médicos SUS:  9<br>Médicos não-SUS:  0<br>Médicos - Total:  9<br>% de médicos SUS:  100.0<br>Médicos a cada 10k habitantes:  4.09,Parnamirim<br><br>População:  22010<br>Hospitais públicos:  0<br>Hospitais não-públicos:  0<br>Hospitais - Total:  0<br>% de hospitais públicos:  0.0<br>Hospitais a cada 100k habitantes:  0.0,Parnamirim<br><br>População:  22010<br>Leitos (internação) SUS:  40<br>Leitos (internação) não-SUS:  0<br>Leitos (internação) - Total:  40<br>% de leitos (internação) SUS:  100.0<br>Leitos (internação) a cada 10k habitantes:  18.17,Parnamirim<br><br>População:  22010<br>Leitos UTI SUS:  0<br>Leitos UTI não-SUS:  0<br>Leitos UTI - Total:  0<br>% de leitos UTI SUS:  0.0<br>Leitos UTI a cada 10k habitantes:  0.0,Parnamirim<br><br>População:  22010<br>Leitos UTI COVID-19 SUS:  0<br>Leitos UTI COVID-19 não-SUS:  0<br>Leitos UTI COVID-19 - Total:  0<br>% de leitos UTI COVID-19 SUS:  0.0<br>Leitos UTI COVID-19 a cada 10k habitantes:  0.0
1585,261050,Passira,28933,PE,22,0,22,100.0,7.6,7,0,7,100.0,2.42,1,0,1,100.0,3.46,39,0,39,100.0,13.48,0,0,0,0.0,0.0,0,0,0,0.0,0.0,Passira<br><br>População:  28933<br>Enfermeiros SUS:  22<br>Enfermeiros não-SUS:  0<br>Enfermeiros - Total:  22<br>% de enfermeiros SUS:  100.0<br>Enfermeiros a cada 10k habitantes:  7.6,Passira<br><br>População:  28933<br>Médicos SUS:  7<br>Médicos não-SUS:  0<br>Médicos - Total:  7<br>% de médicos SUS:  100.0<br>Médicos a cada 10k habitantes:  2.42,Passira<br><br>População:  28933<br>Hospitais públicos:  1<br>Hospitais não-públicos:  0<br>Hospitais - Total:  1<br>% de hospitais públicos:  100.0<br>Hospitais a cada 100k habitantes:  3.46,Passira<br><br>População:  28933<br>Leitos (internação) SUS:  39<br>Leitos (internação) não-SUS:  0<br>Leitos (internação) - Total:  39<br>% de leitos (internação) SUS:  100.0<br>Leitos (internação) a cada 10k habitantes:  13.48,Passira<br><br>População:  28933<br>Leitos UTI SUS:  0<br>Leitos UTI não-SUS:  0<br>Leitos UTI - Total:  0<br>% de leitos UTI SUS:  0.0<br>Leitos UTI a cada 10k habitantes:  0.0,Passira<br><br>População:  28933<br>Leitos UTI COVID-19 SUS:  0<br>Leitos UTI COVID-19 não-SUS:  0<br>Leitos UTI COVID-19 - Total:  0<br>% de leitos UTI COVID-19 SUS:  0.0<br>Leitos UTI COVID-19 a cada 10k habitantes:  0.0
1586,261060,Paudalho,56506,PE,47,2,49,95.92,8.67,34,10,44,77.27,7.79,1,0,1,100.0,1.77,98,43,141,69.5,24.95,2,0,2,100.0,0.35,0,0,0,0.0,0.0,Paudalho<br><br>População:  56506<br>Enfermeiros SUS:  47<br>Enfermeiros não-SUS:  2<br>Enfermeiros - Total:  49<br>% de enfermeiros SUS:  95.92<br>Enfermeiros a cada 10k habitantes:  8.67,Paudalho<br><br>População:  56506<br>Médicos SUS:  34<br>Médicos não-SUS:  10<br>Médicos - Total:  44<br>% de médicos SUS:  77.27<br>Médicos a cada 10k habitantes:  7.79,Paudalho<br><br>População:  56506<br>Hospitais públicos:  1<br>Hospitais não-públicos:  0<br>Hospitais - Total:  1<br>% de hospitais públicos:  100.0<br>Hospitais a cada 100k habitantes:  1.77,Paudalho<br><br>População:  56506<br>Leitos (internação) SUS:  98<br>Leitos (internação) não-SUS:  43<br>Leitos (internação) - Total:  141<br>% de leitos (internação) SUS:  69.5<br>Leitos (internação) a cada 10k habitantes:  24.95,Paudalho<br><br>População:  56506<br>Leitos UTI SUS:  2<br>Leitos UTI não-SUS:  0<br>Leitos UTI - Total:  2<br>% de leitos UTI SUS:  100.0<br>Leitos UTI a cada 10k habitantes:  0.35,Paudalho<br><br>População:  56506<br>Leitos UTI COVID-19 SUS:  0<br>Leitos UTI COVID-19 não-SUS:  0<br>Leitos UTI COVID-19 - Total:  0<br>% de leitos UTI COVID-19 SUS:  0.0<br>Leitos UTI COVID-19 a cada 10k habitantes:  0.0
1587,261070,Paulista,331774,PE,250,18,268,93.28,8.08,312,37,349,89.4,10.52,4,4,8,50.0,2.41,476,105,581,81.93,17.51,81,38,119,68.07,3.59,18,10,28,64.29,0.84,Paulista<br><br>População:  331774<br>Enfermeiros SUS:  250<br>Enfermeiros não-SUS:  18<br>Enfermeiros - Total:  268<br>% de enfermeiros SUS:  93.28<br>Enfermeiros a cada 10k habitantes:  8.08,Paulista<br><br>População:  331774<br>Médicos SUS:  312<br>Médicos não-SUS:  37<br>Médicos - Total:  349<br>% de médicos SUS:  89.4<br>Médicos a cada 10k habitantes:  10.52,Paulista<br><br>População:  331774<br>Hospitais públicos:  4<br>Hospitais não-públicos:  4<br>Hospitais - Total:  8<br>% de hospitais públicos:  50.0<br>Hospitais a cada 100k habitantes:  2.41,Paulista<br><br>População:  331774<br>Leitos (internação) SUS:  476<br>Leitos (internação) não-SUS:  105<br>Leitos (internação) - Total:  581<br>% de leitos (internação) SUS:  81.93<br>Leitos (internação) a cada 10k habitantes:  17.51,Paulista<br><br>População:  331774<br>Leitos UTI SUS:  81<br>Leitos UTI não-SUS:  38<br>Leitos UTI - Total:  119<br>% de leitos UTI SUS:  68.07<br>Leitos UTI a cada 10k habitantes:  3.59,Paulista<br><br>População:  331774<br>Leitos UTI COVID-19 SUS:  18<br>Leitos UTI COVID-19 não-SUS:  10<br>Leitos UTI COVID-19 - Total:  28<br>% de leitos UTI COVID-19 SUS:  64.29<br>Leitos UTI COVID-19 a cada 10k habitantes:  0.84
1588,261080,Pedra,22617,PE,12,0,12,100.0,5.31,5,0,5,100.0,2.21,1,0,1,100.0,4.42,28,0,28,100.0,12.38,0,0,0,0.0,0.0,0,0,0,0.0,0.0,Pedra<br><br>População:  22617<br>Enfermeiros SUS:  12<br>Enfermeiros não-SUS:  0<br>Enfermeiros - Total:  12<br>% de enfermeiros SUS:  100.0<br>Enfermeiros a cada 10k habitantes:  5.31,Pedra<br><br>População:  22617<br>Médicos SUS:  5<br>Médicos não-SUS:  0<br>Médicos - Total:  5<br>% de médicos SUS:  100.0<br>Médicos a cada 10k habitantes:  2.21,Pedra<br><br>População:  22617<br>Hospitais públicos:  1<br>Hospitais não-públicos:  0<br>Hospitais - Total:  1<br>% de hospitais públicos:  100.0<br>Hospitais a cada 100k habitantes:  4.42,Pedra<br><br>População:  22617<br>Leitos (internação) SUS:  28<br>Leitos (internação) não-SUS:  0<br>Leitos (internação) - Total:  28<br>% de leitos (internação) SUS:  100.0<br>Leitos (internação) a cada 10k habitantes:  12.38,Pedra<br><br>População:  22617<br>Leitos UTI SUS:  0<br>Leitos UTI não-SUS:  0<br>Leitos UTI - Total:  0<br>% de leitos UTI SUS:  0.0<br>Leitos UTI a cada 10k habitantes:  0.0,Pedra<br><br>População:  22617<br>Leitos UTI COVID-19 SUS:  0<br>Leitos UTI COVID-19 não-SUS:  0<br>Leitos UTI COVID-19 - Total:  0<br>% de leitos UTI COVID-19 SUS:  0.0<br>Leitos UTI COVID-19 a cada 10k habitantes:  0.0
1589,261090,Pesqueira,67395,PE,56,2,58,96.55,8.61,29,2,31,93.55,4.6,1,1,2,50.0,2.97,125,42,167,74.85,24.78,0,0,0,0.0,0.0,0,0,0,0.0,0.0,Pesqueira<br><br>População:  67395<br>Enfermeiros SUS:  56<br>Enfermeiros não-SUS:  2<br>Enfermeiros - Total:  58<br>% de enfermeiros SUS:  96.55<br>Enfermeiros a cada 10k habitantes:  8.61,Pesqueira<br><br>População:  67395<br>Médicos SUS:  29<br>Médicos não-SUS:  2<br>Médicos - Total:  31<br>% de médicos SUS:  93.55<br>Médicos a cada 10k habitantes:  4.6,Pesqueira<br><br>População:  67395<br>Hospitais públicos:  1<br>Hospitais não-públicos:  1<br>Hospitais - Total:  2<br>% de hospitais públicos:  50.0<br>Hospitais a cada 100k habitantes:  2.97,Pesqueira<br><br>População:  67395<br>Leitos (internação) SUS:  125<br>Leitos (internação) não-SUS:  42<br>Leitos (internação) - Total:  167<br>% de leitos (internação) SUS:  74.85<br>Leitos (internação) a cada 10k habitantes:  24.78,Pesqueira<br><br>População:  67395<br>Leitos UTI SUS:  0<br>Leitos UTI não-SUS:  0<br>Leitos UTI - Total:  0<br>% de leitos UTI SUS:  0.0<br>Leitos UTI a cada 10k habitantes:  0.0,Pesqueira<br><br>População:  67395<br>Leitos UTI COVID-19 SUS:  0<br>Leitos UTI COVID-19 não-SUS:  0<br>Leitos UTI COVID-19 - Total:  0<br>% de leitos UTI COVID-19 SUS:  0.0<br>Leitos UTI COVID-19 a cada 10k habitantes:  0.0
1590,261100,Petrolândia,36548,PE,22,1,23,95.65,6.29,26,5,31,83.87,8.48,1,1,2,50.0,5.47,112,0,112,100.0,30.64,2,0,2,100.0,0.55,0,0,0,0.0,0.0,Petrolândia<br><br>População:  36548<br>Enfermeiros SUS:  22<br>Enfermeiros não-SUS:  1<br>Enfermeiros - Total:  23<br>% de enfermeiros SUS:  95.65<br>Enfermeiros a cada 10k habitantes:  6.29,Petrolândia<br><br>População:  36548<br>Médicos SUS:  26<br>Médicos não-SUS:  5<br>Médicos - Total:  31<br>% de médicos SUS:  83.87<br>Médicos a cada 10k habitantes:  8.48,Petrolândia<br><br>População:  36548<br>Hospitais públicos:  1<br>Hospitais não-públicos:  1<br>Hospitais - Total:  2<br>% de hospitais públicos:  50.0<br>Hospitais a cada 100k habitantes:  5.47,Petrolândia<br><br>População:  36548<br>Leitos (internação) SUS:  112<br>Leitos (internação) não-SUS:  0<br>Leitos (internação) - Total:  112<br>% de leitos (internação) SUS:  100.0<br>Leitos (internação) a cada 10k habitantes:  30.64,Petrolândia<br><br>População:  36548<br>Leitos UTI SUS:  2<br>Leitos UTI não-SUS:  0<br>Leitos UTI - Total:  2<br>% de leitos UTI SUS:  100.0<br>Leitos UTI a cada 10k habitantes:  0.55,Petrolândia<br><br>População:  36548<br>Leitos UTI COVID-19 SUS:  0<br>Leitos UTI COVID-19 não-SUS:  0<br>Leitos UTI COVID-19 - Total:  0<br>% de leitos UTI COVID-19 SUS:  0.0<br>Leitos UTI COVID-19 a cada 10k habitantes:  0.0
1591,261110,Petrolina,349145,PE,545,39,584,93.32,16.73,703,208,911,77.17,26.09,4,9,13,30.77,3.72,534,292,826,64.65,23.66,91,59,150,60.67,4.3,5,10,15,33.33,0.43,Petrolina<br><br>População:  349145<br>Enfermeiros SUS:  545<br>Enfermeiros não-SUS:  39<br>Enfermeiros - Total:  584<br>% de enfermeiros SUS:  93.32<br>Enfermeiros a cada 10k habitantes:  16.73,Petrolina<br><br>População:  349145<br>Médicos SUS:  703<br>Médicos não-SUS:  208<br>Médicos - Total:  911<br>% de médicos SUS:  77.17<br>Médicos a cada 10k habitantes:  26.09,Petrolina<br><br>População:  349145<br>Hospitais públicos:  4<br>Hospitais não-públicos:  9<br>Hospitais - Total:  13<br>% de hospitais públicos:  30.77<br>Hospitais a cada 100k habitantes:  3.72,Petrolina<br><br>População:  349145<br>Leitos (internação) SUS:  534<br>Leitos (internação) não-SUS:  292<br>Leitos (internação) - Total:  826<br>% de leitos (internação) SUS:  64.65<br>Leitos (internação) a cada 10k habitantes:  23.66,Petrolina<br><br>População:  349145<br>Leitos UTI SUS:  91<br>Leitos UTI não-SUS:  59<br>Leitos UTI - Total:  150<br>% de leitos UTI SUS:  60.67<br>Leitos UTI a cada 10k habitantes:  4.3,Petrolina<br><br>População:  349145<br>Leitos UTI COVID-19 SUS:  5<br>Leitos UTI COVID-19 não-SUS:  10<br>Leitos UTI COVID-19 - Total:  15<br>% de leitos UTI COVID-19 SUS:  33.33<br>Leitos UTI COVID-19 a cada 10k habitantes:  0.43
1592,261120,Poção,11302,PE,10,0,10,100.0,8.85,4,0,4,100.0,3.54,1,0,1,100.0,8.85,15,0,15,100.0,13.27,0,0,0,0.0,0.0,0,0,0,0.0,0.0,Poção<br><br>População:  11302<br>Enfermeiros SUS:  10<br>Enfermeiros não-SUS:  0<br>Enfermeiros - Total:  10<br>% de enfermeiros SUS:  100.0<br>Enfermeiros a cada 10k habitantes:  8.85,Poção<br><br>População:  11302<br>Médicos SUS:  4<br>Médicos não-SUS:  0<br>Médicos - Total:  4<br>% de médicos SUS:  100.0<br>Médicos a cada 10k habitantes:  3.54,Poção<br><br>População:  11302<br>Hospitais públicos:  1<br>Hospitais não-públicos:  0<br>Hospitais - Total:  1<br>% de hospitais públicos:  100.0<br>Hospitais a cada 100k habitantes:  8.85,Poção<br><br>População:  11302<br>Leitos (internação) SUS:  15<br>Leitos (internação) não-SUS:  0<br>Leitos (internação) - Total:  15<br>% de leitos (internação) SUS:  100.0<br>Leitos (internação) a cada 10k habitantes:  13.27,Poção<br><br>População:  11302<br>Leitos UTI SUS:  0<br>Leitos UTI não-SUS:  0<br>Leitos UTI - Total:  0<br>% de leitos UTI SUS:  0.0<br>Leitos UTI a cada 10k habitantes:  0.0,Poção<br><br>População:  11302<br>Leitos UTI COVID-19 SUS:  0<br>Leitos UTI COVID-19 não-SUS:  0<br>Leitos UTI COVID-19 - Total:  0<br>% de leitos UTI COVID-19 SUS:  0.0<br>Leitos UTI COVID-19 a cada 10k habitantes:  0.0
1593,261130,Pombos,27091,PE,18,0,18,100.0,6.64,12,0,12,100.0,4.43,1,0,1,100.0,3.69,21,0,21,100.0,7.75,15,0,15,100.0,5.54,0,0,0,0.0,0.0,Pombos<br><br>População:  27091<br>Enfermeiros SUS:  18<br>Enfermeiros não-SUS:  0<br>Enfermeiros - Total:  18<br>% de enfermeiros SUS:  100.0<br>Enfermeiros a cada 10k habitantes:  6.64,Pombos<br><br>População:  27091<br>Médicos SUS:  12<br>Médicos não-SUS:  0<br>Médicos - Total:  12<br>% de médicos SUS:  100.0<br>Médicos a cada 10k habitantes:  4.43,Pombos<br><br>População:  27091<br>Hospitais públicos:  1<br>Hospitais não-públicos:  0<br>Hospitais - Total:  1<br>% de hospitais públicos:  100.0<br>Hospitais a cada 100k habitantes:  3.69,Pombos<br><br>População:  27091<br>Leitos (internação) SUS:  21<br>Leitos (internação) não-SUS:  0<br>Leitos (internação) - Total:  21<br>% de leitos (internação) SUS:  100.0<br>Leitos (internação) a cada 10k habitantes:  7.75,Pombos<br><br>População:  27091<br>Leitos UTI SUS:  15<br>Leitos UTI não-SUS:  0<br>Leitos UTI - Total:  15<br>% de leitos UTI SUS:  100.0<br>Leitos UTI a cada 10k habitantes:  5.54,Pombos<br><br>População:  27091<br>Leitos UTI COVID-19 SUS:  0<br>Leitos UTI COVID-19 não-SUS:  0<br>Leitos UTI COVID-19 - Total:  0<br>% de leitos UTI COVID-19 SUS:  0.0<br>Leitos UTI COVID-19 a cada 10k habitantes:  0.0
1594,261140,Primavera,14966,PE,7,0,7,100.0,4.68,5,0,5,100.0,3.34,0,0,0,0.0,0.0,4,0,4,100.0,2.67,0,0,0,0.0,0.0,0,0,0,0.0,0.0,Primavera<br><br>População:  14966<br>Enfermeiros SUS:  7<br>Enfermeiros não-SUS:  0<br>Enfermeiros - Total:  7<br>% de enfermeiros SUS:  100.0<br>Enfermeiros a cada 10k habitantes:  4.68,Primavera<br><br>População:  14966<br>Médicos SUS:  5<br>Médicos não-SUS:  0<br>Médicos - Total:  5<br>% de médicos SUS:  100.0<br>Médicos a cada 10k habitantes:  3.34,Primavera<br><br>População:  14966<br>Hospitais públicos:  0<br>Hospitais não-públicos:  0<br>Hospitais - Total:  0<br>% de hospitais públicos:  0.0<br>Hospitais a cada 100k habitantes:  0.0,Primavera<br><br>População:  14966<br>Leitos (internação) SUS:  4<br>Leitos (internação) não-SUS:  0<br>Leitos (internação) - Total:  4<br>% de leitos (internação) SUS:  100.0<br>Leitos (internação) a cada 10k habitantes:  2.67,Primavera<br><br>População:  14966<br>Leitos UTI SUS:  0<br>Leitos UTI não-SUS:  0<br>Leitos UTI - Total:  0<br>% de leitos UTI SUS:  0.0<br>Leitos UTI a cada 10k habitantes:  0.0,Primavera<br><br>População:  14966<br>Leitos UTI COVID-19 SUS:  0<br>Leitos UTI COVID-19 não-SUS:  0<br>Leitos UTI COVID-19 - Total:  0<br>% de leitos UTI COVID-19 SUS:  0.0<br>Leitos UTI COVID-19 a cada 10k habitantes:  0.0
1595,261150,Quipapá,26037,PE,16,0,16,100.0,6.15,7,0,7,100.0,2.69,1,0,1,100.0,3.84,10,0,10,100.0,3.84,0,0,0,0.0,0.0,0,0,0,0.0,0.0,Quipapá<br><br>População:  26037<br>Enfermeiros SUS:  16<br>Enfermeiros não-SUS:  0<br>Enfermeiros - Total:  16<br>% de enfermeiros SUS:  100.0<br>Enfermeiros a cada 10k habitantes:  6.15,Quipapá<br><br>População:  26037<br>Médicos SUS:  7<br>Médicos não-SUS:  0<br>Médicos - Total:  7<br>% de médicos SUS:  100.0<br>Médicos a cada 10k habitantes:  2.69,Quipapá<br><br>População:  26037<br>Hospitais públicos:  1<br>Hospitais não-públicos:  0<br>Hospitais - Total:  1<br>% de hospitais públicos:  100.0<br>Hospitais a cada 100k habitantes:  3.84,Quipapá<br><br>População:  26037<br>Leitos (internação) SUS:  10<br>Leitos (internação) não-SUS:  0<br>Leitos (internação) - Total:  10<br>% de leitos (internação) SUS:  100.0<br>Leitos (internação) a cada 10k habitantes:  3.84,Quipapá<br><br>População:  26037<br>Leitos UTI SUS:  0<br>Leitos UTI não-SUS:  0<br>Leitos UTI - Total:  0<br>% de leitos UTI SUS:  0.0<br>Leitos UTI a cada 10k habitantes:  0.0,Quipapá<br><br>População:  26037<br>Leitos UTI COVID-19 SUS:  0<br>Leitos UTI COVID-19 não-SUS:  0<br>Leitos UTI COVID-19 - Total:  0<br>% de leitos UTI COVID-19 SUS:  0.0<br>Leitos UTI COVID-19 a cada 10k habitantes:  0.0
1596,261153,Quixaba,6813,PE,10,0,10,100.0,14.68,7,0,7,100.0,10.27,0,0,0,0.0,0.0,0,0,0,0.0,0.0,0,0,0,0.0,0.0,0,0,0,0.0,0.0,Quixaba<br><br>População:  6813<br>Enfermeiros SUS:  10<br>Enfermeiros não-SUS:  0<br>Enfermeiros - Total:  10<br>% de enfermeiros SUS:  100.0<br>Enfermeiros a cada 10k habitantes:  14.68,Quixaba<br><br>População:  6813<br>Médicos SUS:  7<br>Médicos não-SUS:  0<br>Médicos - Total:  7<br>% de médicos SUS:  100.0<br>Médicos a cada 10k habitantes:  10.27,Quixaba<br><br>População:  6813<br>Hospitais públicos:  0<br>Hospitais não-públicos:  0<br>Hospitais - Total:  0<br>% de hospitais públicos:  0.0<br>Hospitais a cada 100k habitantes:  0.0,Quixaba<br><br>População:  6813<br>Leitos (internação) SUS:  0<br>Leitos (internação) não-SUS:  0<br>Leitos (internação) - Total:  0<br>% de leitos (internação) SUS:  0.0<br>Leitos (internação) a cada 10k habitantes:  0.0,Quixaba<br><br>População:  6813<br>Leitos UTI SUS:  0<br>Leitos UTI não-SUS:  0<br>Leitos UTI - Total:  0<br>% de leitos UTI SUS:  0.0<br>Leitos UTI a cada 10k habitantes:  0.0,Quixaba<br><br>População:  6813<br>Leitos UTI COVID-19 SUS:  0<br>Leitos UTI COVID-19 não-SUS:  0<br>Leitos UTI COVID-19 - Total:  0<br>% de leitos UTI COVID-19 SUS:  0.0<br>Leitos UTI COVID-19 a cada 10k habitantes:  0.0
1597,261160,Recife,1645727,PE,4290,375,4665,91.96,28.35,5741,710,6451,88.99,39.2,29,42,71,40.85,4.31,7139,2171,9310,76.68,56.57,1079,1204,2283,47.26,13.87,270,572,842,32.07,5.12,Recife<br><br>População:  1645727<br>Enfermeiros SUS:  4290<br>Enfermeiros não-SUS:  375<br>Enfermeiros - Total:  4665<br>% de enfermeiros SUS:  91.96<br>Enfermeiros a cada 10k habitantes:  28.35,Recife<br><br>População:  1645727<br>Médicos SUS:  5741<br>Médicos não-SUS:  710<br>Médicos - Total:  6451<br>% de médicos SUS:  88.99<br>Médicos a cada 10k habitantes:  39.2,Recife<br><br>População:  1645727<br>Hospitais públicos:  29<br>Hospitais não-públicos:  42<br>Hospitais - Total:  71<br>% de hospitais públicos:  40.85<br>Hospitais a cada 100k habitantes:  4.31,Recife<br><br>População:  1645727<br>Leitos (internação) SUS:  7139<br>Leitos (internação) não-SUS:  2171<br>Leitos (internação) - Total:  9310<br>% de leitos (internação) SUS:  76.68<br>Leitos (internação) a cada 10k habitantes:  56.57,Recife<br><br>População:  1645727<br>Leitos UTI SUS:  1079<br>Leitos UTI não-SUS:  1204<br>Leitos UTI - Total:  2283<br>% de leitos UTI SUS:  47.26<br>Leitos UTI a cada 10k habitantes:  13.87,Recife<br><br>População:  1645727<br>Leitos UTI COVID-19 SUS:  270<br>Leitos UTI COVID-19 não-SUS:  572<br>Leitos UTI COVID-19 - Total:  842<br>% de leitos UTI COVID-19 SUS:  32.07<br>Leitos UTI COVID-19 a cada 10k habitantes:  5.12
1598,261170,Riacho das Almas,20546,PE,9,0,9,100.0,4.38,6,0,6,100.0,2.92,0,0,0,0.0,0.0,38,0,38,100.0,18.5,1,0,1,100.0,0.49,0,0,0,0.0,0.0,Riacho das Almas<br><br>População:  20546<br>Enfermeiros SUS:  9<br>Enfermeiros não-SUS:  0<br>Enfermeiros - Total:  9<br>% de enfermeiros SUS:  100.0<br>Enfermeiros a cada 10k habitantes:  4.38,Riacho das Almas<br><br>População:  20546<br>Médicos SUS:  6<br>Médicos não-SUS:  0<br>Médicos - Total:  6<br>% de médicos SUS:  100.0<br>Médicos a cada 10k habitantes:  2.92,Riacho das Almas<br><br>População:  20546<br>Hospitais públicos:  0<br>Hospitais não-públicos:  0<br>Hospitais - Total:  0<br>% de hospitais públicos:  0.0<br>Hospitais a cada 100k habitantes:  0.0,Riacho das Almas<br><br>População:  20546<br>Leitos (internação) SUS:  38<br>Leitos (internação) não-SUS:  0<br>Leitos (internação) - Total:  38<br>% de leitos (internação) SUS:  100.0<br>Leitos (internação) a cada 10k habitantes:  18.5,Riacho das Almas<br><br>População:  20546<br>Leitos UTI SUS:  1<br>Leitos UTI não-SUS:  0<br>Leitos UTI - Total:  1<br>% de leitos UTI SUS:  100.0<br>Leitos UTI a cada 10k habitantes:  0.49,Riacho das Almas<br><br>População:  20546<br>Leitos UTI COVID-19 SUS:  0<br>Leitos UTI COVID-19 não-SUS:  0<br>Leitos UTI COVID-19 - Total:  0<br>% de leitos UTI COVID-19 SUS:  0.0<br>Leitos UTI COVID-19 a cada 10k habitantes:  0.0
1599,261180,Ribeirão,47415,PE,18,0,18,100.0,3.8,7,0,7,100.0,1.48,1,0,1,100.0,2.11,45,0,45,100.0,9.49,0,0,0,0.0,0.0,0,0,0,0.0,0.0,Ribeirão<br><br>População:  47415<br>Enfermeiros SUS:  18<br>Enfermeiros não-SUS:  0<br>Enfermeiros - Total:  18<br>% de enfermeiros SUS:  100.0<br>Enfermeiros a cada 10k habitantes:  3.8,Ribeirão<br><br>População:  47415<br>Médicos SUS:  7<br>Médicos não-SUS:  0<br>Médicos - Total:  7<br>% de médicos SUS:  100.0<br>Médicos a cada 10k habitantes:  1.48,Ribeirão<br><br>População:  47415<br>Hospitais públicos:  1<br>Hospitais não-públicos:  0<br>Hospitais - Total:  1<br>% de hospitais públicos:  100.0<br>Hospitais a cada 100k habitantes:  2.11,Ribeirão<br><br>População:  47415<br>Leitos (internação) SUS:  45<br>Leitos (internação) não-SUS:  0<br>Leitos (internação) - Total:  45<br>% de leitos (internação) SUS:  100.0<br>Leitos (internação) a cada 10k habitantes:  9.49,Ribeirão<br><br>População:  47415<br>Leitos UTI SUS:  0<br>Leitos UTI não-SUS:  0<br>Leitos UTI - Total:  0<br>% de leitos UTI SUS:  0.0<br>Leitos UTI a cada 10k habitantes:  0.0,Ribeirão<br><br>População:  47415<br>Leitos UTI COVID-19 SUS:  0<br>Leitos UTI COVID-19 não-SUS:  0<br>Leitos UTI COVID-19 - Total:  0<br>% de leitos UTI COVID-19 SUS:  0.0<br>Leitos UTI COVID-19 a cada 10k habitantes:  0.0
1600,261190,Rio Formoso,23535,PE,17,0,17,100.0,7.22,6,0,6,100.0,2.55,1,0,1,100.0,4.25,16,0,16,100.0,6.8,0,0,0,0.0,0.0,0,0,0,0.0,0.0,Rio Formoso<br><br>População:  23535<br>Enfermeiros SUS:  17<br>Enfermeiros não-SUS:  0<br>Enfermeiros - Total:  17<br>% de enfermeiros SUS:  100.0<br>Enfermeiros a cada 10k habitantes:  7.22,Rio Formoso<br><br>População:  23535<br>Médicos SUS:  6<br>Médicos não-SUS:  0<br>Médicos - Total:  6<br>% de médicos SUS:  100.0<br>Médicos a cada 10k habitantes:  2.55,Rio Formoso<br><br>População:  23535<br>Hospitais públicos:  1<br>Hospitais não-públicos:  0<br>Hospitais - Total:  1<br>% de hospitais públicos:  100.0<br>Hospitais a cada 100k habitantes:  4.25,Rio Formoso<br><br>População:  23535<br>Leitos (internação) SUS:  16<br>Leitos (internação) não-SUS:  0<br>Leitos (internação) - Total:  16<br>% de leitos (internação) SUS:  100.0<br>Leitos (internação) a cada 10k habitantes:  6.8,Rio Formoso<br><br>População:  23535<br>Leitos UTI SUS:  0<br>Leitos UTI não-SUS:  0<br>Leitos UTI - Total:  0<br>% de leitos UTI SUS:  0.0<br>Leitos UTI a cada 10k habitantes:  0.0,Rio Formoso<br><br>População:  23535<br>Leitos UTI COVID-19 SUS:  0<br>Leitos UTI COVID-19 não-SUS:  0<br>Leitos UTI COVID-19 - Total:  0<br>% de leitos UTI COVID-19 SUS:  0.0<br>Leitos UTI COVID-19 a cada 10k habitantes:  0.0
1601,261200,Sairé,9932,PE,8,0,8,100.0,8.05,7,0,7,100.0,7.05,0,0,0,0.0,0.0,10,0,10,100.0,10.07,0,0,0,0.0,0.0,0,0,0,0.0,0.0,Sairé<br><br>População:  9932<br>Enfermeiros SUS:  8<br>Enfermeiros não-SUS:  0<br>Enfermeiros - Total:  8<br>% de enfermeiros SUS:  100.0<br>Enfermeiros a cada 10k habitantes:  8.05,Sairé<br><br>População:  9932<br>Médicos SUS:  7<br>Médicos não-SUS:  0<br>Médicos - Total:  7<br>% de médicos SUS:  100.0<br>Médicos a cada 10k habitantes:  7.05,Sairé<br><br>População:  9932<br>Hospitais públicos:  0<br>Hospitais não-públicos:  0<br>Hospitais - Total:  0<br>% de hospitais públicos:  0.0<br>Hospitais a cada 100k habitantes:  0.0,Sairé<br><br>População:  9932<br>Leitos (internação) SUS:  10<br>Leitos (internação) não-SUS:  0<br>Leitos (internação) - Total:  10<br>% de leitos (internação) SUS:  100.0<br>Leitos (internação) a cada 10k habitantes:  10.07,Sairé<br><br>População:  9932<br>Leitos UTI SUS:  0<br>Leitos UTI não-SUS:  0<br>Leitos UTI - Total:  0<br>% de leitos UTI SUS:  0.0<br>Leitos UTI a cada 10k habitantes:  0.0,Sairé<br><br>População:  9932<br>Leitos UTI COVID-19 SUS:  0<br>Leitos UTI COVID-19 não-SUS:  0<br>Leitos UTI COVID-19 - Total:  0<br>% de leitos UTI COVID-19 SUS:  0.0<br>Leitos UTI COVID-19 a cada 10k habitantes:  0.0
1602,261210,Salgadinho,10919,PE,4,0,4,100.0,3.66,6,0,6,100.0,5.5,0,0,0,0.0,0.0,5,0,5,100.0,4.58,5,0,5,100.0,4.58,0,0,0,0.0,0.0,Salgadinho<br><br>População:  10919<br>Enfermeiros SUS:  4<br>Enfermeiros não-SUS:  0<br>Enfermeiros - Total:  4<br>% de enfermeiros SUS:  100.0<br>Enfermeiros a cada 10k habitantes:  3.66,Salgadinho<br><br>População:  10919<br>Médicos SUS:  6<br>Médicos não-SUS:  0<br>Médicos - Total:  6<br>% de médicos SUS:  100.0<br>Médicos a cada 10k habitantes:  5.5,Salgadinho<br><br>População:  10919<br>Hospitais públicos:  0<br>Hospitais não-públicos:  0<br>Hospitais - Total:  0<br>% de hospitais públicos:  0.0<br>Hospitais a cada 100k habitantes:  0.0,Salgadinho<br><br>População:  10919<br>Leitos (internação) SUS:  5<br>Leitos (internação) não-SUS:  0<br>Leitos (internação) - Total:  5<br>% de leitos (internação) SUS:  100.0<br>Leitos (internação) a cada 10k habitantes:  4.58,Salgadinho<br><br>População:  10919<br>Leitos UTI SUS:  5<br>Leitos UTI não-SUS:  0<br>Leitos UTI - Total:  5<br>% de leitos UTI SUS:  100.0<br>Leitos UTI a cada 10k habitantes:  4.58,Salgadinho<br><br>População:  10919<br>Leitos UTI COVID-19 SUS:  0<br>Leitos UTI COVID-19 não-SUS:  0<br>Leitos UTI COVID-19 - Total:  0<br>% de leitos UTI COVID-19 SUS:  0.0<br>Leitos UTI COVID-19 a cada 10k habitantes:  0.0
1603,261220,Salgueiro,60930,PE,120,1,121,99.17,19.86,119,5,124,95.97,20.35,2,1,3,66.67,4.92,200,65,265,75.47,43.49,16,6,22,72.73,3.61,0,5,5,0.0,0.82,Salgueiro<br><br>População:  60930<br>Enfermeiros SUS:  120<br>Enfermeiros não-SUS:  1<br>Enfermeiros - Total:  121<br>% de enfermeiros SUS:  99.17<br>Enfermeiros a cada 10k habitantes:  19.86,Salgueiro<br><br>População:  60930<br>Médicos SUS:  119<br>Médicos não-SUS:  5<br>Médicos - Total:  124<br>% de médicos SUS:  95.97<br>Médicos a cada 10k habitantes:  20.35,Salgueiro<br><br>População:  60930<br>Hospitais públicos:  2<br>Hospitais não-públicos:  1<br>Hospitais - Total:  3<br>% de hospitais públicos:  66.67<br>Hospitais a cada 100k habitantes:  4.92,Salgueiro<br><br>População:  60930<br>Leitos (internação) SUS:  200<br>Leitos (internação) não-SUS:  65<br>Leitos (internação) - Total:  265<br>% de leitos (internação) SUS:  75.47<br>Leitos (internação) a cada 10k habitantes:  43.49,Salgueiro<br><br>População:  60930<br>Leitos UTI SUS:  16<br>Leitos UTI não-SUS:  6<br>Leitos UTI - Total:  22<br>% de leitos UTI SUS:  72.73<br>Leitos UTI a cada 10k habitantes:  3.61,Salgueiro<br><br>População:  60930<br>Leitos UTI COVID-19 SUS:  0<br>Leitos UTI COVID-19 não-SUS:  5<br>Leitos UTI COVID-19 - Total:  5<br>% de leitos UTI COVID-19 SUS:  0.0<br>Leitos UTI COVID-19 a cada 10k habitantes:  0.82
1604,261230,Saloá,15843,PE,12,0,12,100.0,7.57,4,0,4,100.0,2.52,1,0,1,100.0,6.31,30,0,30,100.0,18.94,0,0,0,0.0,0.0,0,0,0,0.0,0.0,Saloá<br><br>População:  15843<br>Enfermeiros SUS:  12<br>Enfermeiros não-SUS:  0<br>Enfermeiros - Total:  12<br>% de enfermeiros SUS:  100.0<br>Enfermeiros a cada 10k habitantes:  7.57,Saloá<br><br>População:  15843<br>Médicos SUS:  4<br>Médicos não-SUS:  0<br>Médicos - Total:  4<br>% de médicos SUS:  100.0<br>Médicos a cada 10k habitantes:  2.52,Saloá<br><br>População:  15843<br>Hospitais públicos:  1<br>Hospitais não-públicos:  0<br>Hospitais - Total:  1<br>% de hospitais públicos:  100.0<br>Hospitais a cada 100k habitantes:  6.31,Saloá<br><br>População:  15843<br>Leitos (internação) SUS:  30<br>Leitos (internação) não-SUS:  0<br>Leitos (internação) - Total:  30<br>% de leitos (internação) SUS:  100.0<br>Leitos (internação) a cada 10k habitantes:  18.94,Saloá<br><br>População:  15843<br>Leitos UTI SUS:  0<br>Leitos UTI não-SUS:  0<br>Leitos UTI - Total:  0<br>% de leitos UTI SUS:  0.0<br>Leitos UTI a cada 10k habitantes:  0.0,Saloá<br><br>População:  15843<br>Leitos UTI COVID-19 SUS:  0<br>Leitos UTI COVID-19 não-SUS:  0<br>Leitos UTI COVID-19 - Total:  0<br>% de leitos UTI COVID-19 SUS:  0.0<br>Leitos UTI COVID-19 a cada 10k habitantes:  0.0
1605,261240,Sanharó,26462,PE,16,0,16,100.0,6.05,7,0,7,100.0,2.65,0,0,0,0.0,0.0,14,0,14,100.0,5.29,0,0,0,0.0,0.0,0,0,0,0.0,0.0,Sanharó<br><br>População:  26462<br>Enfermeiros SUS:  16<br>Enfermeiros não-SUS:  0<br>Enfermeiros - Total:  16<br>% de enfermeiros SUS:  100.0<br>Enfermeiros a cada 10k habitantes:  6.05,Sanharó<br><br>População:  26462<br>Médicos SUS:  7<br>Médicos não-SUS:  0<br>Médicos - Total:  7<br>% de médicos SUS:  100.0<br>Médicos a cada 10k habitantes:  2.65,Sanharó<br><br>População:  26462<br>Hospitais públicos:  0<br>Hospitais não-públicos:  0<br>Hospitais - Total:  0<br>% de hospitais públicos:  0.0<br>Hospitais a cada 100k habitantes:  0.0,Sanharó<br><br>População:  26462<br>Leitos (internação) SUS:  14<br>Leitos (internação) não-SUS:  0<br>Leitos (internação) - Total:  14<br>% de leitos (internação) SUS:  100.0<br>Leitos (internação) a cada 10k habitantes:  5.29,Sanharó<br><br>População:  26462<br>Leitos UTI SUS:  0<br>Leitos UTI não-SUS:  0<br>Leitos UTI - Total:  0<br>% de leitos UTI SUS:  0.0<br>Leitos UTI a cada 10k habitantes:  0.0,Sanharó<br><br>População:  26462<br>Leitos UTI COVID-19 SUS:  0<br>Leitos UTI COVID-19 não-SUS:  0<br>Leitos UTI COVID-19 - Total:  0<br>% de leitos UTI COVID-19 SUS:  0.0<br>Leitos UTI COVID-19 a cada 10k habitantes:  0.0
1606,261245,Santa Cruz,15398,PE,11,0,11,100.0,7.14,7,0,7,100.0,4.55,1,0,1,100.0,6.49,24,0,24,100.0,15.59,9,0,9,100.0,5.84,0,0,0,0.0,0.0,Santa Cruz<br><br>População:  15398<br>Enfermeiros SUS:  11<br>Enfermeiros não-SUS:  0<br>Enfermeiros - Total:  11<br>% de enfermeiros SUS:  100.0<br>Enfermeiros a cada 10k habitantes:  7.14,Santa Cruz<br><br>População:  15398<br>Médicos SUS:  7<br>Médicos não-SUS:  0<br>Médicos - Total:  7<br>% de médicos SUS:  100.0<br>Médicos a cada 10k habitantes:  4.55,Santa Cruz<br><br>População:  15398<br>Hospitais públicos:  1<br>Hospitais não-públicos:  0<br>Hospitais - Total:  1<br>% de hospitais públicos:  100.0<br>Hospitais a cada 100k habitantes:  6.49,Santa Cruz<br><br>População:  15398<br>Leitos (internação) SUS:  24<br>Leitos (internação) não-SUS:  0<br>Leitos (internação) - Total:  24<br>% de leitos (internação) SUS:  100.0<br>Leitos (internação) a cada 10k habitantes:  15.59,Santa Cruz<br><br>População:  15398<br>Leitos UTI SUS:  9<br>Leitos UTI não-SUS:  0<br>Leitos UTI - Total:  9<br>% de leitos UTI SUS:  100.0<br>Leitos UTI a cada 10k habitantes:  5.84,Santa Cruz<br><br>População:  15398<br>Leitos UTI COVID-19 SUS:  0<br>Leitos UTI COVID-19 não-SUS:  0<br>Leitos UTI COVID-19 - Total:  0<br>% de leitos UTI COVID-19 SUS:  0.0<br>Leitos UTI COVID-19 a cada 10k habitantes:  0.0
1607,261247,Santa Cruz da Baixa Verde,12592,PE,9,0,9,100.0,7.15,2,0,2,100.0,1.59,0,0,0,0.0,0.0,21,0,21,100.0,16.68,1,0,1,100.0,0.79,0,0,0,0.0,0.0,Santa Cruz da Baixa Verde<br><br>População:  12592<br>Enfermeiros SUS:  9<br>Enfermeiros não-SUS:  0<br>Enfermeiros - Total:  9<br>% de enfermeiros SUS:  100.0<br>Enfermeiros a cada 10k habitantes:  7.15,Santa Cruz da Baixa Verde<br><br>População:  12592<br>Médicos SUS:  2<br>Médicos não-SUS:  0<br>Médicos - Total:  2<br>% de médicos SUS:  100.0<br>Médicos a cada 10k habitantes:  1.59,Santa Cruz da Baixa Verde<br><br>População:  12592<br>Hospitais públicos:  0<br>Hospitais não-públicos:  0<br>Hospitais - Total:  0<br>% de hospitais públicos:  0.0<br>Hospitais a cada 100k habitantes:  0.0,Santa Cruz da Baixa Verde<br><br>População:  12592<br>Leitos (internação) SUS:  21<br>Leitos (internação) não-SUS:  0<br>Leitos (internação) - Total:  21<br>% de leitos (internação) SUS:  100.0<br>Leitos (internação) a cada 10k habitantes:  16.68,Santa Cruz da Baixa Verde<br><br>População:  12592<br>Leitos UTI SUS:  1<br>Leitos UTI não-SUS:  0<br>Leitos UTI - Total:  1<br>% de leitos UTI SUS:  100.0<br>Leitos UTI a cada 10k habitantes:  0.79,Santa Cruz da Baixa Verde<br><br>População:  12592<br>Leitos UTI COVID-19 SUS:  0<br>Leitos UTI COVID-19 não-SUS:  0<br>Leitos UTI COVID-19 - Total:  0<br>% de leitos UTI COVID-19 SUS:  0.0<br>Leitos UTI COVID-19 a cada 10k habitantes:  0.0
1608,261250,Santa Cruz do Capibaribe,107937,PE,54,2,56,96.43,5.19,37,14,51,72.55,4.72,2,0,2,100.0,1.85,135,6,141,95.74,13.06,0,0,0,0.0,0.0,0,0,0,0.0,0.0,Santa Cruz do Capibaribe<br><br>População:  107937<br>Enfermeiros SUS:  54<br>Enfermeiros não-SUS:  2<br>Enfermeiros - Total:  56<br>% de enfermeiros SUS:  96.43<br>Enfermeiros a cada 10k habitantes:  5.19,Santa Cruz do Capibaribe<br><br>População:  107937<br>Médicos SUS:  37<br>Médicos não-SUS:  14<br>Médicos - Total:  51<br>% de médicos SUS:  72.55<br>Médicos a cada 10k habitantes:  4.72,Santa Cruz do Capibaribe<br><br>População:  107937<br>Hospitais públicos:  2<br>Hospitais não-públicos:  0<br>Hospitais - Total:  2<br>% de hospitais públicos:  100.0<br>Hospitais a cada 100k habitantes:  1.85,Santa Cruz do Capibaribe<br><br>População:  107937<br>Leitos (internação) SUS:  135<br>Leitos (internação) não-SUS:  6<br>Leitos (internação) - Total:  141<br>% de leitos (internação) SUS:  95.74<br>Leitos (internação) a cada 10k habitantes:  13.06,Santa Cruz do Capibaribe<br><br>População:  107937<br>Leitos UTI SUS:  0<br>Leitos UTI não-SUS:  0<br>Leitos UTI - Total:  0<br>% de leitos UTI SUS:  0.0<br>Leitos UTI a cada 10k habitantes:  0.0,Santa Cruz do Capibaribe<br><br>População:  107937<br>Leitos UTI COVID-19 SUS:  0<br>Leitos UTI COVID-19 não-SUS:  0<br>Leitos UTI COVID-19 - Total:  0<br>% de leitos UTI COVID-19 SUS:  0.0<br>Leitos UTI COVID-19 a cada 10k habitantes:  0.0
1609,261255,Santa Filomena,14477,PE,8,0,8,100.0,5.53,3,0,3,100.0,2.07,1,0,1,100.0,6.91,17,0,17,100.0,11.74,7,0,7,100.0,4.84,0,0,0,0.0,0.0,Santa Filomena<br><br>População:  14477<br>Enfermeiros SUS:  8<br>Enfermeiros não-SUS:  0<br>Enfermeiros - Total:  8<br>% de enfermeiros SUS:  100.0<br>Enfermeiros a cada 10k habitantes:  5.53,Santa Filomena<br><br>População:  14477<br>Médicos SUS:  3<br>Médicos não-SUS:  0<br>Médicos - Total:  3<br>% de médicos SUS:  100.0<br>Médicos a cada 10k habitantes:  2.07,Santa Filomena<br><br>População:  14477<br>Hospitais públicos:  1<br>Hospitais não-públicos:  0<br>Hospitais - Total:  1<br>% de hospitais públicos:  100.0<br>Hospitais a cada 100k habitantes:  6.91,Santa Filomena<br><br>População:  14477<br>Leitos (internação) SUS:  17<br>Leitos (internação) não-SUS:  0<br>Leitos (internação) - Total:  17<br>% de leitos (internação) SUS:  100.0<br>Leitos (internação) a cada 10k habitantes:  11.74,Santa Filomena<br><br>População:  14477<br>Leitos UTI SUS:  7<br>Leitos UTI não-SUS:  0<br>Leitos UTI - Total:  7<br>% de leitos UTI SUS:  100.0<br>Leitos UTI a cada 10k habitantes:  4.84,Santa Filomena<br><br>População:  14477<br>Leitos UTI COVID-19 SUS:  0<br>Leitos UTI COVID-19 não-SUS:  0<br>Leitos UTI COVID-19 - Total:  0<br>% de leitos UTI COVID-19 SUS:  0.0<br>Leitos UTI COVID-19 a cada 10k habitantes:  0.0
1610,261260,Santa Maria da Boa Vista,41931,PE,18,0,18,100.0,4.29,14,0,14,100.0,3.34,1,0,1,100.0,2.38,29,0,29,100.0,6.92,14,0,14,100.0,3.34,0,0,0,0.0,0.0,Santa Maria da Boa Vista<br><br>População:  41931<br>Enfermeiros SUS:  18<br>Enfermeiros não-SUS:  0<br>Enfermeiros - Total:  18<br>% de enfermeiros SUS:  100.0<br>Enfermeiros a cada 10k habitantes:  4.29,Santa Maria da Boa Vista<br><br>População:  41931<br>Médicos SUS:  14<br>Médicos não-SUS:  0<br>Médicos - Total:  14<br>% de médicos SUS:  100.0<br>Médicos a cada 10k habitantes:  3.34,Santa Maria da Boa Vista<br><br>População:  41931<br>Hospitais públicos:  1<br>Hospitais não-públicos:  0<br>Hospitais - Total:  1<br>% de hospitais públicos:  100.0<br>Hospitais a cada 100k habitantes:  2.38,Santa Maria da Boa Vista<br><br>População:  41931<br>Leitos (internação) SUS:  29<br>Leitos (internação) não-SUS:  0<br>Leitos (internação) - Total:  29<br>% de leitos (internação) SUS:  100.0<br>Leitos (internação) a cada 10k habitantes:  6.92,Santa Maria da Boa Vista<br><br>População:  41931<br>Leitos UTI SUS:  14<br>Leitos UTI não-SUS:  0<br>Leitos UTI - Total:  14<br>% de leitos UTI SUS:  100.0<br>Leitos UTI a cada 10k habitantes:  3.34,Santa Maria da Boa Vista<br><br>População:  41931<br>Leitos UTI COVID-19 SUS:  0<br>Leitos UTI COVID-19 não-SUS:  0<br>Leitos UTI COVID-19 - Total:  0<br>% de leitos UTI COVID-19 SUS:  0.0<br>Leitos UTI COVID-19 a cada 10k habitantes:  0.0
1611,261270,Santa Maria do Cambucá,14137,PE,9,0,9,100.0,6.37,6,0,6,100.0,4.24,0,0,0,0.0,0.0,0,0,0,0.0,0.0,0,0,0,0.0,0.0,0,0,0,0.0,0.0,Santa Maria do Cambucá<br><br>População:  14137<br>Enfermeiros SUS:  9<br>Enfermeiros não-SUS:  0<br>Enfermeiros - Total:  9<br>% de enfermeiros SUS:  100.0<br>Enfermeiros a cada 10k habitantes:  6.37,Santa Maria do Cambucá<br><br>População:  14137<br>Médicos SUS:  6<br>Médicos não-SUS:  0<br>Médicos - Total:  6<br>% de médicos SUS:  100.0<br>Médicos a cada 10k habitantes:  4.24,Santa Maria do Cambucá<br><br>População:  14137<br>Hospitais públicos:  0<br>Hospitais não-públicos:  0<br>Hospitais - Total:  0<br>% de hospitais públicos:  0.0<br>Hospitais a cada 100k habitantes:  0.0,Santa Maria do Cambucá<br><br>População:  14137<br>Leitos (internação) SUS:  0<br>Leitos (internação) não-SUS:  0<br>Leitos (internação) - Total:  0<br>% de leitos (internação) SUS:  0.0<br>Leitos (internação) a cada 10k habitantes:  0.0,Santa Maria do Cambucá<br><br>População:  14137<br>Leitos UTI SUS:  0<br>Leitos UTI não-SUS:  0<br>Leitos UTI - Total:  0<br>% de leitos UTI SUS:  0.0<br>Leitos UTI a cada 10k habitantes:  0.0,Santa Maria do Cambucá<br><br>População:  14137<br>Leitos UTI COVID-19 SUS:  0<br>Leitos UTI COVID-19 não-SUS:  0<br>Leitos UTI COVID-19 - Total:  0<br>% de leitos UTI COVID-19 SUS:  0.0<br>Leitos UTI COVID-19 a cada 10k habitantes:  0.0
1612,261280,Santa Terezinha,11815,PE,11,0,11,100.0,9.31,8,0,8,100.0,6.77,0,0,0,0.0,0.0,19,0,19,100.0,16.08,0,0,0,0.0,0.0,0,0,0,0.0,0.0,Santa Terezinha<br><br>População:  11815<br>Enfermeiros SUS:  11<br>Enfermeiros não-SUS:  0<br>Enfermeiros - Total:  11<br>% de enfermeiros SUS:  100.0<br>Enfermeiros a cada 10k habitantes:  9.31,Santa Terezinha<br><br>População:  11815<br>Médicos SUS:  8<br>Médicos não-SUS:  0<br>Médicos - Total:  8<br>% de médicos SUS:  100.0<br>Médicos a cada 10k habitantes:  6.77,Santa Terezinha<br><br>População:  11815<br>Hospitais públicos:  0<br>Hospitais não-públicos:  0<br>Hospitais - Total:  0<br>% de hospitais públicos:  0.0<br>Hospitais a cada 100k habitantes:  0.0,Santa Terezinha<br><br>População:  11815<br>Leitos (internação) SUS:  19<br>Leitos (internação) não-SUS:  0<br>Leitos (internação) - Total:  19<br>% de leitos (internação) SUS:  100.0<br>Leitos (internação) a cada 10k habitantes:  16.08,Santa Terezinha<br><br>População:  11815<br>Leitos UTI SUS:  0<br>Leitos UTI não-SUS:  0<br>Leitos UTI - Total:  0<br>% de leitos UTI SUS:  0.0<br>Leitos UTI a cada 10k habitantes:  0.0,Santa Terezinha<br><br>População:  11815<br>Leitos UTI COVID-19 SUS:  0<br>Leitos UTI COVID-19 não-SUS:  0<br>Leitos UTI COVID-19 - Total:  0<br>% de leitos UTI COVID-19 SUS:  0.0<br>Leitos UTI COVID-19 a cada 10k habitantes:  0.0
1613,261290,São Benedito do Sul,15895,PE,5,0,5,100.0,3.15,3,0,3,100.0,1.89,0,0,0,0.0,0.0,28,0,28,100.0,17.62,0,0,0,0.0,0.0,0,0,0,0.0,0.0,São Benedito do Sul<br><br>População:  15895<br>Enfermeiros SUS:  5<br>Enfermeiros não-SUS:  0<br>Enfermeiros - Total:  5<br>% de enfermeiros SUS:  100.0<br>Enfermeiros a cada 10k habitantes:  3.15,São Benedito do Sul<br><br>População:  15895<br>Médicos SUS:  3<br>Médicos não-SUS:  0<br>Médicos - Total:  3<br>% de médicos SUS:  100.0<br>Médicos a cada 10k habitantes:  1.89,São Benedito do Sul<br><br>População:  15895<br>Hospitais públicos:  0<br>Hospitais não-públicos:  0<br>Hospitais - Total:  0<br>% de hospitais públicos:  0.0<br>Hospitais a cada 100k habitantes:  0.0,São Benedito do Sul<br><br>População:  15895<br>Leitos (internação) SUS:  28<br>Leitos (internação) não-SUS:  0<br>Leitos (internação) - Total:  28<br>% de leitos (internação) SUS:  100.0<br>Leitos (internação) a cada 10k habitantes:  17.62,São Benedito do Sul<br><br>População:  15895<br>Leitos UTI SUS:  0<br>Leitos UTI não-SUS:  0<br>Leitos UTI - Total:  0<br>% de leitos UTI SUS:  0.0<br>Leitos UTI a cada 10k habitantes:  0.0,São Benedito do Sul<br><br>População:  15895<br>Leitos UTI COVID-19 SUS:  0<br>Leitos UTI COVID-19 não-SUS:  0<br>Leitos UTI COVID-19 - Total:  0<br>% de leitos UTI COVID-19 SUS:  0.0<br>Leitos UTI COVID-19 a cada 10k habitantes:  0.0
1614,261300,São Bento do Una,59504,PE,18,1,19,94.74,3.19,10,1,11,90.91,1.85,1,0,1,100.0,1.68,46,0,46,100.0,7.73,0,0,0,0.0,0.0,0,0,0,0.0,0.0,São Bento do Una<br><br>População:  59504<br>Enfermeiros SUS:  18<br>Enfermeiros não-SUS:  1<br>Enfermeiros - Total:  19<br>% de enfermeiros SUS:  94.74<br>Enfermeiros a cada 10k habitantes:  3.19,São Bento do Una<br><br>População:  59504<br>Médicos SUS:  10<br>Médicos não-SUS:  1<br>Médicos - Total:  11<br>% de médicos SUS:  90.91<br>Médicos a cada 10k habitantes:  1.85,São Bento do Una<br><br>População:  59504<br>Hospitais públicos:  1<br>Hospitais não-públicos:  0<br>Hospitais - Total:  1<br>% de hospitais públicos:  100.0<br>Hospitais a cada 100k habitantes:  1.68,São Bento do Una<br><br>População:  59504<br>Leitos (internação) SUS:  46<br>Leitos (internação) não-SUS:  0<br>Leitos (internação) - Total:  46<br>% de leitos (internação) SUS:  100.0<br>Leitos (internação) a cada 10k habitantes:  7.73,São Bento do Una<br><br>População:  59504<br>Leitos UTI SUS:  0<br>Leitos UTI não-SUS:  0<br>Leitos UTI - Total:  0<br>% de leitos UTI SUS:  0.0<br>Leitos UTI a cada 10k habitantes:  0.0,São Bento do Una<br><br>População:  59504<br>Leitos UTI COVID-19 SUS:  0<br>Leitos UTI COVID-19 não-SUS:  0<br>Leitos UTI COVID-19 - Total:  0<br>% de leitos UTI COVID-19 SUS:  0.0<br>Leitos UTI COVID-19 a cada 10k habitantes:  0.0
1615,261310,São Caitano,37245,PE,13,0,13,100.0,3.49,11,1,12,91.67,3.22,1,0,1,100.0,2.68,30,0,30,100.0,8.05,0,0,0,0.0,0.0,0,0,0,0.0,0.0,São Caitano<br><br>População:  37245<br>Enfermeiros SUS:  13<br>Enfermeiros não-SUS:  0<br>Enfermeiros - Total:  13<br>% de enfermeiros SUS:  100.0<br>Enfermeiros a cada 10k habitantes:  3.49,São Caitano<br><br>População:  37245<br>Médicos SUS:  11<br>Médicos não-SUS:  1<br>Médicos - Total:  12<br>% de médicos SUS:  91.67<br>Médicos a cada 10k habitantes:  3.22,São Caitano<br><br>População:  37245<br>Hospitais públicos:  1<br>Hospitais não-públicos:  0<br>Hospitais - Total:  1<br>% de hospitais públicos:  100.0<br>Hospitais a cada 100k habitantes:  2.68,São Caitano<br><br>População:  37245<br>Leitos (internação) SUS:  30<br>Leitos (internação) não-SUS:  0<br>Leitos (internação) - Total:  30<br>% de leitos (internação) SUS:  100.0<br>Leitos (internação) a cada 10k habitantes:  8.05,São Caitano<br><br>População:  37245<br>Leitos UTI SUS:  0<br>Leitos UTI não-SUS:  0<br>Leitos UTI - Total:  0<br>% de leitos UTI SUS:  0.0<br>Leitos UTI a cada 10k habitantes:  0.0,São Caitano<br><br>População:  37245<br>Leitos UTI COVID-19 SUS:  0<br>Leitos UTI COVID-19 não-SUS:  0<br>Leitos UTI COVID-19 - Total:  0<br>% de leitos UTI COVID-19 SUS:  0.0<br>Leitos UTI COVID-19 a cada 10k habitantes:  0.0
1616,261320,São João,22793,PE,17,0,17,100.0,7.46,6,0,6,100.0,2.63,1,0,1,100.0,4.39,31,0,31,100.0,13.6,0,0,0,0.0,0.0,0,0,0,0.0,0.0,São João<br><br>População:  22793<br>Enfermeiros SUS:  17<br>Enfermeiros não-SUS:  0<br>Enfermeiros - Total:  17<br>% de enfermeiros SUS:  100.0<br>Enfermeiros a cada 10k habitantes:  7.46,São João<br><br>População:  22793<br>Médicos SUS:  6<br>Médicos não-SUS:  0<br>Médicos - Total:  6<br>% de médicos SUS:  100.0<br>Médicos a cada 10k habitantes:  2.63,São João<br><br>População:  22793<br>Hospitais públicos:  1<br>Hospitais não-públicos:  0<br>Hospitais - Total:  1<br>% de hospitais públicos:  100.0<br>Hospitais a cada 100k habitantes:  4.39,São João<br><br>População:  22793<br>Leitos (internação) SUS:  31<br>Leitos (internação) não-SUS:  0<br>Leitos (internação) - Total:  31<br>% de leitos (internação) SUS:  100.0<br>Leitos (internação) a cada 10k habitantes:  13.6,São João<br><br>População:  22793<br>Leitos UTI SUS:  0<br>Leitos UTI não-SUS:  0<br>Leitos UTI - Total:  0<br>% de leitos UTI SUS:  0.0<br>Leitos UTI a cada 10k habitantes:  0.0,São João<br><br>População:  22793<br>Leitos UTI COVID-19 SUS:  0<br>Leitos UTI COVID-19 não-SUS:  0<br>Leitos UTI COVID-19 - Total:  0<br>% de leitos UTI COVID-19 SUS:  0.0<br>Leitos UTI COVID-19 a cada 10k habitantes:  0.0
1617,261330,São Joaquim do Monte,21356,PE,18,0,18,100.0,8.43,6,0,6,100.0,2.81,1,0,1,100.0,4.68,34,0,34,100.0,15.92,0,0,0,0.0,0.0,0,0,0,0.0,0.0,São Joaquim do Monte<br><br>População:  21356<br>Enfermeiros SUS:  18<br>Enfermeiros não-SUS:  0<br>Enfermeiros - Total:  18<br>% de enfermeiros SUS:  100.0<br>Enfermeiros a cada 10k habitantes:  8.43,São Joaquim do Monte<br><br>População:  21356<br>Médicos SUS:  6<br>Médicos não-SUS:  0<br>Médicos - Total:  6<br>% de médicos SUS:  100.0<br>Médicos a cada 10k habitantes:  2.81,São Joaquim do Monte<br><br>População:  21356<br>Hospitais públicos:  1<br>Hospitais não-públicos:  0<br>Hospitais - Total:  1<br>% de hospitais públicos:  100.0<br>Hospitais a cada 100k habitantes:  4.68,São Joaquim do Monte<br><br>População:  21356<br>Leitos (internação) SUS:  34<br>Leitos (internação) não-SUS:  0<br>Leitos (internação) - Total:  34<br>% de leitos (internação) SUS:  100.0<br>Leitos (internação) a cada 10k habitantes:  15.92,São Joaquim do Monte<br><br>População:  21356<br>Leitos UTI SUS:  0<br>Leitos UTI não-SUS:  0<br>Leitos UTI - Total:  0<br>% de leitos UTI SUS:  0.0<br>Leitos UTI a cada 10k habitantes:  0.0,São Joaquim do Monte<br><br>População:  21356<br>Leitos UTI COVID-19 SUS:  0<br>Leitos UTI COVID-19 não-SUS:  0<br>Leitos UTI COVID-19 - Total:  0<br>% de leitos UTI COVID-19 SUS:  0.0<br>Leitos UTI COVID-19 a cada 10k habitantes:  0.0
1618,261340,São José da Coroa Grande,21298,PE,6,0,6,100.0,2.82,7,0,7,100.0,3.29,0,0,0,0.0,0.0,22,0,22,100.0,10.33,0,0,0,0.0,0.0,0,0,0,0.0,0.0,São José da Coroa Grande<br><br>População:  21298<br>Enfermeiros SUS:  6<br>Enfermeiros não-SUS:  0<br>Enfermeiros - Total:  6<br>% de enfermeiros SUS:  100.0<br>Enfermeiros a cada 10k habitantes:  2.82,São José da Coroa Grande<br><br>População:  21298<br>Médicos SUS:  7<br>Médicos não-SUS:  0<br>Médicos - Total:  7<br>% de médicos SUS:  100.0<br>Médicos a cada 10k habitantes:  3.29,São José da Coroa Grande<br><br>População:  21298<br>Hospitais públicos:  0<br>Hospitais não-públicos:  0<br>Hospitais - Total:  0<br>% de hospitais públicos:  0.0<br>Hospitais a cada 100k habitantes:  0.0,São José da Coroa Grande<br><br>População:  21298<br>Leitos (internação) SUS:  22<br>Leitos (internação) não-SUS:  0<br>Leitos (internação) - Total:  22<br>% de leitos (internação) SUS:  100.0<br>Leitos (internação) a cada 10k habitantes:  10.33,São José da Coroa Grande<br><br>População:  21298<br>Leitos UTI SUS:  0<br>Leitos UTI não-SUS:  0<br>Leitos UTI - Total:  0<br>% de leitos UTI SUS:  0.0<br>Leitos UTI a cada 10k habitantes:  0.0,São José da Coroa Grande<br><br>População:  21298<br>Leitos UTI COVID-19 SUS:  0<br>Leitos UTI COVID-19 não-SUS:  0<br>Leitos UTI COVID-19 - Total:  0<br>% de leitos UTI COVID-19 SUS:  0.0<br>Leitos UTI COVID-19 a cada 10k habitantes:  0.0
1619,261350,São José do Belmonte,33959,PE,20,0,20,100.0,5.89,16,1,17,94.12,5.01,0,0,0,0.0,0.0,32,0,32,100.0,9.42,0,0,0,0.0,0.0,0,0,0,0.0,0.0,São José do Belmonte<br><br>População:  33959<br>Enfermeiros SUS:  20<br>Enfermeiros não-SUS:  0<br>Enfermeiros - Total:  20<br>% de enfermeiros SUS:  100.0<br>Enfermeiros a cada 10k habitantes:  5.89,São José do Belmonte<br><br>População:  33959<br>Médicos SUS:  16<br>Médicos não-SUS:  1<br>Médicos - Total:  17<br>% de médicos SUS:  94.12<br>Médicos a cada 10k habitantes:  5.01,São José do Belmonte<br><br>População:  33959<br>Hospitais públicos:  0<br>Hospitais não-públicos:  0<br>Hospitais - Total:  0<br>% de hospitais públicos:  0.0<br>Hospitais a cada 100k habitantes:  0.0,São José do Belmonte<br><br>População:  33959<br>Leitos (internação) SUS:  32<br>Leitos (internação) não-SUS:  0<br>Leitos (internação) - Total:  32<br>% de leitos (internação) SUS:  100.0<br>Leitos (internação) a cada 10k habitantes:  9.42,São José do Belmonte<br><br>População:  33959<br>Leitos UTI SUS:  0<br>Leitos UTI não-SUS:  0<br>Leitos UTI - Total:  0<br>% de leitos UTI SUS:  0.0<br>Leitos UTI a cada 10k habitantes:  0.0,São José do Belmonte<br><br>População:  33959<br>Leitos UTI COVID-19 SUS:  0<br>Leitos UTI COVID-19 não-SUS:  0<br>Leitos UTI COVID-19 - Total:  0<br>% de leitos UTI COVID-19 SUS:  0.0<br>Leitos UTI COVID-19 a cada 10k habitantes:  0.0
1620,261360,São José do Egito,33951,PE,20,0,20,100.0,5.89,19,1,20,95.0,5.89,1,1,2,50.0,5.89,82,8,90,91.11,26.51,0,5,5,0.0,1.47,0,4,4,0.0,1.18,São José do Egito<br><br>População:  33951<br>Enfermeiros SUS:  20<br>Enfermeiros não-SUS:  0<br>Enfermeiros - Total:  20<br>% de enfermeiros SUS:  100.0<br>Enfermeiros a cada 10k habitantes:  5.89,São José do Egito<br><br>População:  33951<br>Médicos SUS:  19<br>Médicos não-SUS:  1<br>Médicos - Total:  20<br>% de médicos SUS:  95.0<br>Médicos a cada 10k habitantes:  5.89,São José do Egito<br><br>População:  33951<br>Hospitais públicos:  1<br>Hospitais não-públicos:  1<br>Hospitais - Total:  2<br>% de hospitais públicos:  50.0<br>Hospitais a cada 100k habitantes:  5.89,São José do Egito<br><br>População:  33951<br>Leitos (internação) SUS:  82<br>Leitos (internação) não-SUS:  8<br>Leitos (internação) - Total:  90<br>% de leitos (internação) SUS:  91.11<br>Leitos (internação) a cada 10k habitantes:  26.51,São José do Egito<br><br>População:  33951<br>Leitos UTI SUS:  0<br>Leitos UTI não-SUS:  5<br>Leitos UTI - Total:  5<br>% de leitos UTI SUS:  0.0<br>Leitos UTI a cada 10k habitantes:  1.47,São José do Egito<br><br>População:  33951<br>Leitos UTI COVID-19 SUS:  0<br>Leitos UTI COVID-19 não-SUS:  4<br>Leitos UTI COVID-19 - Total:  4<br>% de leitos UTI COVID-19 SUS:  0.0<br>Leitos UTI COVID-19 a cada 10k habitantes:  1.18
1621,261370,São Lourenço da Mata,113230,PE,67,0,67,100.0,5.92,69,1,70,98.57,6.18,1,1,2,50.0,1.77,97,0,97,100.0,8.57,10,0,10,100.0,0.88,0,0,0,0.0,0.0,São Lourenço da Mata<br><br>População:  113230<br>Enfermeiros SUS:  67<br>Enfermeiros não-SUS:  0<br>Enfermeiros - Total:  67<br>% de enfermeiros SUS:  100.0<br>Enfermeiros a cada 10k habitantes:  5.92,São Lourenço da Mata<br><br>População:  113230<br>Médicos SUS:  69<br>Médicos não-SUS:  1<br>Médicos - Total:  70<br>% de médicos SUS:  98.57<br>Médicos a cada 10k habitantes:  6.18,São Lourenço da Mata<br><br>População:  113230<br>Hospitais públicos:  1<br>Hospitais não-públicos:  1<br>Hospitais - Total:  2<br>% de hospitais públicos:  50.0<br>Hospitais a cada 100k habitantes:  1.77,São Lourenço da Mata<br><br>População:  113230<br>Leitos (internação) SUS:  97<br>Leitos (internação) não-SUS:  0<br>Leitos (internação) - Total:  97<br>% de leitos (internação) SUS:  100.0<br>Leitos (internação) a cada 10k habitantes:  8.57,São Lourenço da Mata<br><br>População:  113230<br>Leitos UTI SUS:  10<br>Leitos UTI não-SUS:  0<br>Leitos UTI - Total:  10<br>% de leitos UTI SUS:  100.0<br>Leitos UTI a cada 10k habitantes:  0.88,São Lourenço da Mata<br><br>População:  113230<br>Leitos UTI COVID-19 SUS:  0<br>Leitos UTI COVID-19 não-SUS:  0<br>Leitos UTI COVID-19 - Total:  0<br>% de leitos UTI COVID-19 SUS:  0.0<br>Leitos UTI COVID-19 a cada 10k habitantes:  0.0
1622,261380,São Vicente Ferrer,18018,PE,10,0,10,100.0,5.55,8,0,8,100.0,4.44,0,0,0,0.0,0.0,29,0,29,100.0,16.1,0,0,0,0.0,0.0,0,0,0,0.0,0.0,São Vicente Ferrer<br><br>População:  18018<br>Enfermeiros SUS:  10<br>Enfermeiros não-SUS:  0<br>Enfermeiros - Total:  10<br>% de enfermeiros SUS:  100.0<br>Enfermeiros a cada 10k habitantes:  5.55,São Vicente Ferrer<br><br>População:  18018<br>Médicos SUS:  8<br>Médicos não-SUS:  0<br>Médicos - Total:  8<br>% de médicos SUS:  100.0<br>Médicos a cada 10k habitantes:  4.44,São Vicente Ferrer<br><br>População:  18018<br>Hospitais públicos:  0<br>Hospitais não-públicos:  0<br>Hospitais - Total:  0<br>% de hospitais públicos:  0.0<br>Hospitais a cada 100k habitantes:  0.0,São Vicente Ferrer<br><br>População:  18018<br>Leitos (internação) SUS:  29<br>Leitos (internação) não-SUS:  0<br>Leitos (internação) - Total:  29<br>% de leitos (internação) SUS:  100.0<br>Leitos (internação) a cada 10k habitantes:  16.1,São Vicente Ferrer<br><br>População:  18018<br>Leitos UTI SUS:  0<br>Leitos UTI não-SUS:  0<br>Leitos UTI - Total:  0<br>% de leitos UTI SUS:  0.0<br>Leitos UTI a cada 10k habitantes:  0.0,São Vicente Ferrer<br><br>População:  18018<br>Leitos UTI COVID-19 SUS:  0<br>Leitos UTI COVID-19 não-SUS:  0<br>Leitos UTI COVID-19 - Total:  0<br>% de leitos UTI COVID-19 SUS:  0.0<br>Leitos UTI COVID-19 a cada 10k habitantes:  0.0
1623,261390,Serra Talhada,86350,PE,106,0,106,100.0,12.28,99,8,107,92.52,12.39,1,5,6,16.67,6.95,329,117,446,73.77,51.65,17,18,35,48.57,4.05,5,10,15,33.33,1.74,Serra Talhada<br><br>População:  86350<br>Enfermeiros SUS:  106<br>Enfermeiros não-SUS:  0<br>Enfermeiros - Total:  106<br>% de enfermeiros SUS:  100.0<br>Enfermeiros a cada 10k habitantes:  12.28,Serra Talhada<br><br>População:  86350<br>Médicos SUS:  99<br>Médicos não-SUS:  8<br>Médicos - Total:  107<br>% de médicos SUS:  92.52<br>Médicos a cada 10k habitantes:  12.39,Serra Talhada<br><br>População:  86350<br>Hospitais públicos:  1<br>Hospitais não-públicos:  5<br>Hospitais - Total:  6<br>% de hospitais públicos:  16.67<br>Hospitais a cada 100k habitantes:  6.95,Serra Talhada<br><br>População:  86350<br>Leitos (internação) SUS:  329<br>Leitos (internação) não-SUS:  117<br>Leitos (internação) - Total:  446<br>% de leitos (internação) SUS:  73.77<br>Leitos (internação) a cada 10k habitantes:  51.65,Serra Talhada<br><br>População:  86350<br>Leitos UTI SUS:  17<br>Leitos UTI não-SUS:  18<br>Leitos UTI - Total:  35<br>% de leitos UTI SUS:  48.57<br>Leitos UTI a cada 10k habitantes:  4.05,Serra Talhada<br><br>População:  86350<br>Leitos UTI COVID-19 SUS:  5<br>Leitos UTI COVID-19 não-SUS:  10<br>Leitos UTI COVID-19 - Total:  15<br>% de leitos UTI COVID-19 SUS:  33.33<br>Leitos UTI COVID-19 a cada 10k habitantes:  1.74
1624,261400,Serrita,19165,PE,13,0,13,100.0,6.78,9,0,9,100.0,4.7,1,0,1,100.0,5.22,32,0,32,100.0,16.7,0,0,0,0.0,0.0,0,0,0,0.0,0.0,Serrita<br><br>População:  19165<br>Enfermeiros SUS:  13<br>Enfermeiros não-SUS:  0<br>Enfermeiros - Total:  13<br>% de enfermeiros SUS:  100.0<br>Enfermeiros a cada 10k habitantes:  6.78,Serrita<br><br>População:  19165<br>Médicos SUS:  9<br>Médicos não-SUS:  0<br>Médicos - Total:  9<br>% de médicos SUS:  100.0<br>Médicos a cada 10k habitantes:  4.7,Serrita<br><br>População:  19165<br>Hospitais públicos:  1<br>Hospitais não-públicos:  0<br>Hospitais - Total:  1<br>% de hospitais públicos:  100.0<br>Hospitais a cada 100k habitantes:  5.22,Serrita<br><br>População:  19165<br>Leitos (internação) SUS:  32<br>Leitos (internação) não-SUS:  0<br>Leitos (internação) - Total:  32<br>% de leitos (internação) SUS:  100.0<br>Leitos (internação) a cada 10k habitantes:  16.7,Serrita<br><br>População:  19165<br>Leitos UTI SUS:  0<br>Leitos UTI não-SUS:  0<br>Leitos UTI - Total:  0<br>% de leitos UTI SUS:  0.0<br>Leitos UTI a cada 10k habitantes:  0.0,Serrita<br><br>População:  19165<br>Leitos UTI COVID-19 SUS:  0<br>Leitos UTI COVID-19 não-SUS:  0<br>Leitos UTI COVID-19 - Total:  0<br>% de leitos UTI COVID-19 SUS:  0.0<br>Leitos UTI COVID-19 a cada 10k habitantes:  0.0
1625,261410,Sertânia,35907,PE,20,0,20,100.0,5.57,15,0,15,100.0,4.18,1,1,2,50.0,5.57,54,19,73,73.97,20.33,0,18,18,0.0,5.01,0,18,18,0.0,5.01,Sertânia<br><br>População:  35907<br>Enfermeiros SUS:  20<br>Enfermeiros não-SUS:  0<br>Enfermeiros - Total:  20<br>% de enfermeiros SUS:  100.0<br>Enfermeiros a cada 10k habitantes:  5.57,Sertânia<br><br>População:  35907<br>Médicos SUS:  15<br>Médicos não-SUS:  0<br>Médicos - Total:  15<br>% de médicos SUS:  100.0<br>Médicos a cada 10k habitantes:  4.18,Sertânia<br><br>População:  35907<br>Hospitais públicos:  1<br>Hospitais não-públicos:  1<br>Hospitais - Total:  2<br>% de hospitais públicos:  50.0<br>Hospitais a cada 100k habitantes:  5.57,Sertânia<br><br>População:  35907<br>Leitos (internação) SUS:  54<br>Leitos (internação) não-SUS:  19<br>Leitos (internação) - Total:  73<br>% de leitos (internação) SUS:  73.97<br>Leitos (internação) a cada 10k habitantes:  20.33,Sertânia<br><br>População:  35907<br>Leitos UTI SUS:  0<br>Leitos UTI não-SUS:  18<br>Leitos UTI - Total:  18<br>% de leitos UTI SUS:  0.0<br>Leitos UTI a cada 10k habitantes:  5.01,Sertânia<br><br>População:  35907<br>Leitos UTI COVID-19 SUS:  0<br>Leitos UTI COVID-19 não-SUS:  18<br>Leitos UTI COVID-19 - Total:  18<br>% de leitos UTI COVID-19 SUS:  0.0<br>Leitos UTI COVID-19 a cada 10k habitantes:  5.01
1626,261420,Sirinhaém,45865,PE,10,0,10,100.0,2.18,8,0,8,100.0,1.74,1,0,1,100.0,2.18,26,0,26,100.0,5.67,0,0,0,0.0,0.0,0,0,0,0.0,0.0,Sirinhaém<br><br>População:  45865<br>Enfermeiros SUS:  10<br>Enfermeiros não-SUS:  0<br>Enfermeiros - Total:  10<br>% de enfermeiros SUS:  100.0<br>Enfermeiros a cada 10k habitantes:  2.18,Sirinhaém<br><br>População:  45865<br>Médicos SUS:  8<br>Médicos não-SUS:  0<br>Médicos - Total:  8<br>% de médicos SUS:  100.0<br>Médicos a cada 10k habitantes:  1.74,Sirinhaém<br><br>População:  45865<br>Hospitais públicos:  1<br>Hospitais não-públicos:  0<br>Hospitais - Total:  1<br>% de hospitais públicos:  100.0<br>Hospitais a cada 100k habitantes:  2.18,Sirinhaém<br><br>População:  45865<br>Leitos (internação) SUS:  26<br>Leitos (internação) não-SUS:  0<br>Leitos (internação) - Total:  26<br>% de leitos (internação) SUS:  100.0<br>Leitos (internação) a cada 10k habitantes:  5.67,Sirinhaém<br><br>População:  45865<br>Leitos UTI SUS:  0<br>Leitos UTI não-SUS:  0<br>Leitos UTI - Total:  0<br>% de leitos UTI SUS:  0.0<br>Leitos UTI a cada 10k habitantes:  0.0,Sirinhaém<br><br>População:  45865<br>Leitos UTI COVID-19 SUS:  0<br>Leitos UTI COVID-19 não-SUS:  0<br>Leitos UTI COVID-19 - Total:  0<br>% de leitos UTI COVID-19 SUS:  0.0<br>Leitos UTI COVID-19 a cada 10k habitantes:  0.0
1627,261440,Solidão,6007,PE,8,0,8,100.0,13.32,4,0,4,100.0,6.66,0,0,0,0.0,0.0,10,6,16,62.5,26.64,0,0,0,0.0,0.0,0,0,0,0.0,0.0,Solidão<br><br>População:  6007<br>Enfermeiros SUS:  8<br>Enfermeiros não-SUS:  0<br>Enfermeiros - Total:  8<br>% de enfermeiros SUS:  100.0<br>Enfermeiros a cada 10k habitantes:  13.32,Solidão<br><br>População:  6007<br>Médicos SUS:  4<br>Médicos não-SUS:  0<br>Médicos - Total:  4<br>% de médicos SUS:  100.0<br>Médicos a cada 10k habitantes:  6.66,Solidão<br><br>População:  6007<br>Hospitais públicos:  0<br>Hospitais não-públicos:  0<br>Hospitais - Total:  0<br>% de hospitais públicos:  0.0<br>Hospitais a cada 100k habitantes:  0.0,Solidão<br><br>População:  6007<br>Leitos (internação) SUS:  10<br>Leitos (internação) não-SUS:  6<br>Leitos (internação) - Total:  16<br>% de leitos (internação) SUS:  62.5<br>Leitos (internação) a cada 10k habitantes:  26.64,Solidão<br><br>População:  6007<br>Leitos UTI SUS:  0<br>Leitos UTI não-SUS:  0<br>Leitos UTI - Total:  0<br>% de leitos UTI SUS:  0.0<br>Leitos UTI a cada 10k habitantes:  0.0,Solidão<br><br>População:  6007<br>Leitos UTI COVID-19 SUS:  0<br>Leitos UTI COVID-19 não-SUS:  0<br>Leitos UTI COVID-19 - Total:  0<br>% de leitos UTI COVID-19 SUS:  0.0<br>Leitos UTI COVID-19 a cada 10k habitantes:  0.0
1628,261450,Surubim,65089,PE,41,0,41,100.0,6.3,25,1,26,96.15,3.99,0,1,1,0.0,1.54,198,5,203,97.54,31.19,0,0,0,0.0,0.0,0,0,0,0.0,0.0,Surubim<br><br>População:  65089<br>Enfermeiros SUS:  41<br>Enfermeiros não-SUS:  0<br>Enfermeiros - Total:  41<br>% de enfermeiros SUS:  100.0<br>Enfermeiros a cada 10k habitantes:  6.3,Surubim<br><br>População:  65089<br>Médicos SUS:  25<br>Médicos não-SUS:  1<br>Médicos - Total:  26<br>% de médicos SUS:  96.15<br>Médicos a cada 10k habitantes:  3.99,Surubim<br><br>População:  65089<br>Hospitais públicos:  0<br>Hospitais não-públicos:  1<br>Hospitais - Total:  1<br>% de hospitais públicos:  0.0<br>Hospitais a cada 100k habitantes:  1.54,Surubim<br><br>População:  65089<br>Leitos (internação) SUS:  198<br>Leitos (internação) não-SUS:  5<br>Leitos (internação) - Total:  203<br>% de leitos (internação) SUS:  97.54<br>Leitos (internação) a cada 10k habitantes:  31.19,Surubim<br><br>População:  65089<br>Leitos UTI SUS:  0<br>Leitos UTI não-SUS:  0<br>Leitos UTI - Total:  0<br>% de leitos UTI SUS:  0.0<br>Leitos UTI a cada 10k habitantes:  0.0,Surubim<br><br>População:  65089<br>Leitos UTI COVID-19 SUS:  0<br>Leitos UTI COVID-19 não-SUS:  0<br>Leitos UTI COVID-19 - Total:  0<br>% de leitos UTI COVID-19 SUS:  0.0<br>Leitos UTI COVID-19 a cada 10k habitantes:  0.0
1629,261460,Tabira,28534,PE,17,1,18,94.44,6.31,5,1,6,83.33,2.1,1,1,2,50.0,7.01,49,20,69,71.01,24.18,0,0,0,0.0,0.0,0,0,0,0.0,0.0,Tabira<br><br>População:  28534<br>Enfermeiros SUS:  17<br>Enfermeiros não-SUS:  1<br>Enfermeiros - Total:  18<br>% de enfermeiros SUS:  94.44<br>Enfermeiros a cada 10k habitantes:  6.31,Tabira<br><br>População:  28534<br>Médicos SUS:  5<br>Médicos não-SUS:  1<br>Médicos - Total:  6<br>% de médicos SUS:  83.33<br>Médicos a cada 10k habitantes:  2.1,Tabira<br><br>População:  28534<br>Hospitais públicos:  1<br>Hospitais não-públicos:  1<br>Hospitais - Total:  2<br>% de hospitais públicos:  50.0<br>Hospitais a cada 100k habitantes:  7.01,Tabira<br><br>População:  28534<br>Leitos (internação) SUS:  49<br>Leitos (internação) não-SUS:  20<br>Leitos (internação) - Total:  69<br>% de leitos (internação) SUS:  71.01<br>Leitos (internação) a cada 10k habitantes:  24.18,Tabira<br><br>População:  28534<br>Leitos UTI SUS:  0<br>Leitos UTI não-SUS:  0<br>Leitos UTI - Total:  0<br>% de leitos UTI SUS:  0.0<br>Leitos UTI a cada 10k habitantes:  0.0,Tabira<br><br>População:  28534<br>Leitos UTI COVID-19 SUS:  0<br>Leitos UTI COVID-19 não-SUS:  0<br>Leitos UTI COVID-19 - Total:  0<br>% de leitos UTI COVID-19 SUS:  0.0<br>Leitos UTI COVID-19 a cada 10k habitantes:  0.0
1630,261470,Tacaimbó,12874,PE,8,0,8,100.0,6.21,5,0,5,100.0,3.88,0,0,0,0.0,0.0,0,0,0,0.0,0.0,0,0,0,0.0,0.0,0,0,0,0.0,0.0,Tacaimbó<br><br>População:  12874<br>Enfermeiros SUS:  8<br>Enfermeiros não-SUS:  0<br>Enfermeiros - Total:  8<br>% de enfermeiros SUS:  100.0<br>Enfermeiros a cada 10k habitantes:  6.21,Tacaimbó<br><br>População:  12874<br>Médicos SUS:  5<br>Médicos não-SUS:  0<br>Médicos - Total:  5<br>% de médicos SUS:  100.0<br>Médicos a cada 10k habitantes:  3.88,Tacaimbó<br><br>População:  12874<br>Hospitais públicos:  0<br>Hospitais não-públicos:  0<br>Hospitais - Total:  0<br>% de hospitais públicos:  0.0<br>Hospitais a cada 100k habitantes:  0.0,Tacaimbó<br><br>População:  12874<br>Leitos (internação) SUS:  0<br>Leitos (internação) não-SUS:  0<br>Leitos (internação) - Total:  0<br>% de leitos (internação) SUS:  0.0<br>Leitos (internação) a cada 10k habitantes:  0.0,Tacaimbó<br><br>População:  12874<br>Leitos UTI SUS:  0<br>Leitos UTI não-SUS:  0<br>Leitos UTI - Total:  0<br>% de leitos UTI SUS:  0.0<br>Leitos UTI a cada 10k habitantes:  0.0,Tacaimbó<br><br>População:  12874<br>Leitos UTI COVID-19 SUS:  0<br>Leitos UTI COVID-19 não-SUS:  0<br>Leitos UTI COVID-19 - Total:  0<br>% de leitos UTI COVID-19 SUS:  0.0<br>Leitos UTI COVID-19 a cada 10k habitantes:  0.0
1631,261480,Tacaratu,25765,PE,19,0,19,100.0,7.37,7,0,7,100.0,2.72,0,0,0,0.0,0.0,21,0,21,100.0,8.15,0,0,0,0.0,0.0,0,0,0,0.0,0.0,Tacaratu<br><br>População:  25765<br>Enfermeiros SUS:  19<br>Enfermeiros não-SUS:  0<br>Enfermeiros - Total:  19<br>% de enfermeiros SUS:  100.0<br>Enfermeiros a cada 10k habitantes:  7.37,Tacaratu<br><br>População:  25765<br>Médicos SUS:  7<br>Médicos não-SUS:  0<br>Médicos - Total:  7<br>% de médicos SUS:  100.0<br>Médicos a cada 10k habitantes:  2.72,Tacaratu<br><br>População:  25765<br>Hospitais públicos:  0<br>Hospitais não-públicos:  0<br>Hospitais - Total:  0<br>% de hospitais públicos:  0.0<br>Hospitais a cada 100k habitantes:  0.0,Tacaratu<br><br>População:  25765<br>Leitos (internação) SUS:  21<br>Leitos (internação) não-SUS:  0<br>Leitos (internação) - Total:  21<br>% de leitos (internação) SUS:  100.0<br>Leitos (internação) a cada 10k habitantes:  8.15,Tacaratu<br><br>População:  25765<br>Leitos UTI SUS:  0<br>Leitos UTI não-SUS:  0<br>Leitos UTI - Total:  0<br>% de leitos UTI SUS:  0.0<br>Leitos UTI a cada 10k habitantes:  0.0,Tacaratu<br><br>População:  25765<br>Leitos UTI COVID-19 SUS:  0<br>Leitos UTI COVID-19 não-SUS:  0<br>Leitos UTI COVID-19 - Total:  0<br>% de leitos UTI COVID-19 SUS:  0.0<br>Leitos UTI COVID-19 a cada 10k habitantes:  0.0
1632,261485,Tamandaré,23388,PE,10,0,10,100.0,4.28,9,0,9,100.0,3.85,0,0,0,0.0,0.0,16,0,16,100.0,6.84,0,0,0,0.0,0.0,0,0,0,0.0,0.0,Tamandaré<br><br>População:  23388<br>Enfermeiros SUS:  10<br>Enfermeiros não-SUS:  0<br>Enfermeiros - Total:  10<br>% de enfermeiros SUS:  100.0<br>Enfermeiros a cada 10k habitantes:  4.28,Tamandaré<br><br>População:  23388<br>Médicos SUS:  9<br>Médicos não-SUS:  0<br>Médicos - Total:  9<br>% de médicos SUS:  100.0<br>Médicos a cada 10k habitantes:  3.85,Tamandaré<br><br>População:  23388<br>Hospitais públicos:  0<br>Hospitais não-públicos:  0<br>Hospitais - Total:  0<br>% de hospitais públicos:  0.0<br>Hospitais a cada 100k habitantes:  0.0,Tamandaré<br><br>População:  23388<br>Leitos (internação) SUS:  16<br>Leitos (internação) não-SUS:  0<br>Leitos (internação) - Total:  16<br>% de leitos (internação) SUS:  100.0<br>Leitos (internação) a cada 10k habitantes:  6.84,Tamandaré<br><br>População:  23388<br>Leitos UTI SUS:  0<br>Leitos UTI não-SUS:  0<br>Leitos UTI - Total:  0<br>% de leitos UTI SUS:  0.0<br>Leitos UTI a cada 10k habitantes:  0.0,Tamandaré<br><br>População:  23388<br>Leitos UTI COVID-19 SUS:  0<br>Leitos UTI COVID-19 não-SUS:  0<br>Leitos UTI COVID-19 - Total:  0<br>% de leitos UTI COVID-19 SUS:  0.0<br>Leitos UTI COVID-19 a cada 10k habitantes:  0.0
1633,261500,Taquaritinga do Norte,28775,PE,15,0,15,100.0,5.21,9,1,10,90.0,3.48,1,0,1,100.0,3.48,56,0,56,100.0,19.46,0,0,0,0.0,0.0,0,0,0,0.0,0.0,Taquaritinga do Norte<br><br>População:  28775<br>Enfermeiros SUS:  15<br>Enfermeiros não-SUS:  0<br>Enfermeiros - Total:  15<br>% de enfermeiros SUS:  100.0<br>Enfermeiros a cada 10k habitantes:  5.21,Taquaritinga do Norte<br><br>População:  28775<br>Médicos SUS:  9<br>Médicos não-SUS:  1<br>Médicos - Total:  10<br>% de médicos SUS:  90.0<br>Médicos a cada 10k habitantes:  3.48,Taquaritinga do Norte<br><br>População:  28775<br>Hospitais públicos:  1<br>Hospitais não-públicos:  0<br>Hospitais - Total:  1<br>% de hospitais públicos:  100.0<br>Hospitais a cada 100k habitantes:  3.48,Taquaritinga do Norte<br><br>População:  28775<br>Leitos (internação) SUS:  56<br>Leitos (internação) não-SUS:  0<br>Leitos (internação) - Total:  56<br>% de leitos (internação) SUS:  100.0<br>Leitos (internação) a cada 10k habitantes:  19.46,Taquaritinga do Norte<br><br>População:  28775<br>Leitos UTI SUS:  0<br>Leitos UTI não-SUS:  0<br>Leitos UTI - Total:  0<br>% de leitos UTI SUS:  0.0<br>Leitos UTI a cada 10k habitantes:  0.0,Taquaritinga do Norte<br><br>População:  28775<br>Leitos UTI COVID-19 SUS:  0<br>Leitos UTI COVID-19 não-SUS:  0<br>Leitos UTI COVID-19 - Total:  0<br>% de leitos UTI COVID-19 SUS:  0.0<br>Leitos UTI COVID-19 a cada 10k habitantes:  0.0
1634,261510,Terezinha,7169,PE,9,0,9,100.0,12.55,5,0,5,100.0,6.97,1,0,1,100.0,13.95,12,0,12,100.0,16.74,0,0,0,0.0,0.0,0,0,0,0.0,0.0,Terezinha<br><br>População:  7169<br>Enfermeiros SUS:  9<br>Enfermeiros não-SUS:  0<br>Enfermeiros - Total:  9<br>% de enfermeiros SUS:  100.0<br>Enfermeiros a cada 10k habitantes:  12.55,Terezinha<br><br>População:  7169<br>Médicos SUS:  5<br>Médicos não-SUS:  0<br>Médicos - Total:  5<br>% de médicos SUS:  100.0<br>Médicos a cada 10k habitantes:  6.97,Terezinha<br><br>População:  7169<br>Hospitais públicos:  1<br>Hospitais não-públicos:  0<br>Hospitais - Total:  1<br>% de hospitais públicos:  100.0<br>Hospitais a cada 100k habitantes:  13.95,Terezinha<br><br>População:  7169<br>Leitos (internação) SUS:  12<br>Leitos (internação) não-SUS:  0<br>Leitos (internação) - Total:  12<br>% de leitos (internação) SUS:  100.0<br>Leitos (internação) a cada 10k habitantes:  16.74,Terezinha<br><br>População:  7169<br>Leitos UTI SUS:  0<br>Leitos UTI não-SUS:  0<br>Leitos UTI - Total:  0<br>% de leitos UTI SUS:  0.0<br>Leitos UTI a cada 10k habitantes:  0.0,Terezinha<br><br>População:  7169<br>Leitos UTI COVID-19 SUS:  0<br>Leitos UTI COVID-19 não-SUS:  0<br>Leitos UTI COVID-19 - Total:  0<br>% de leitos UTI COVID-19 SUS:  0.0<br>Leitos UTI COVID-19 a cada 10k habitantes:  0.0
1635,261520,Terra Nova,10096,PE,9,0,9,100.0,8.91,6,0,6,100.0,5.94,0,0,0,0.0,0.0,11,0,11,100.0,10.9,0,0,0,0.0,0.0,0,0,0,0.0,0.0,Terra Nova<br><br>População:  10096<br>Enfermeiros SUS:  9<br>Enfermeiros não-SUS:  0<br>Enfermeiros - Total:  9<br>% de enfermeiros SUS:  100.0<br>Enfermeiros a cada 10k habitantes:  8.91,Terra Nova<br><br>População:  10096<br>Médicos SUS:  6<br>Médicos não-SUS:  0<br>Médicos - Total:  6<br>% de médicos SUS:  100.0<br>Médicos a cada 10k habitantes:  5.94,Terra Nova<br><br>População:  10096<br>Hospitais públicos:  0<br>Hospitais não-públicos:  0<br>Hospitais - Total:  0<br>% de hospitais públicos:  0.0<br>Hospitais a cada 100k habitantes:  0.0,Terra Nova<br><br>População:  10096<br>Leitos (internação) SUS:  11<br>Leitos (internação) não-SUS:  0<br>Leitos (internação) - Total:  11<br>% de leitos (internação) SUS:  100.0<br>Leitos (internação) a cada 10k habitantes:  10.9,Terra Nova<br><br>População:  10096<br>Leitos UTI SUS:  0<br>Leitos UTI não-SUS:  0<br>Leitos UTI - Total:  0<br>% de leitos UTI SUS:  0.0<br>Leitos UTI a cada 10k habitantes:  0.0,Terra Nova<br><br>População:  10096<br>Leitos UTI COVID-19 SUS:  0<br>Leitos UTI COVID-19 não-SUS:  0<br>Leitos UTI COVID-19 - Total:  0<br>% de leitos UTI COVID-19 SUS:  0.0<br>Leitos UTI COVID-19 a cada 10k habitantes:  0.0
1636,261530,Timbaúba,53022,PE,32,0,32,100.0,6.04,22,3,25,88.0,4.72,0,1,1,0.0,1.89,106,31,137,77.37,25.84,0,0,0,0.0,0.0,0,0,0,0.0,0.0,Timbaúba<br><br>População:  53022<br>Enfermeiros SUS:  32<br>Enfermeiros não-SUS:  0<br>Enfermeiros - Total:  32<br>% de enfermeiros SUS:  100.0<br>Enfermeiros a cada 10k habitantes:  6.04,Timbaúba<br><br>População:  53022<br>Médicos SUS:  22<br>Médicos não-SUS:  3<br>Médicos - Total:  25<br>% de médicos SUS:  88.0<br>Médicos a cada 10k habitantes:  4.72,Timbaúba<br><br>População:  53022<br>Hospitais públicos:  0<br>Hospitais não-públicos:  1<br>Hospitais - Total:  1<br>% de hospitais públicos:  0.0<br>Hospitais a cada 100k habitantes:  1.89,Timbaúba<br><br>População:  53022<br>Leitos (internação) SUS:  106<br>Leitos (internação) não-SUS:  31<br>Leitos (internação) - Total:  137<br>% de leitos (internação) SUS:  77.37<br>Leitos (internação) a cada 10k habitantes:  25.84,Timbaúba<br><br>População:  53022<br>Leitos UTI SUS:  0<br>Leitos UTI não-SUS:  0<br>Leitos UTI - Total:  0<br>% de leitos UTI SUS:  0.0<br>Leitos UTI a cada 10k habitantes:  0.0,Timbaúba<br><br>População:  53022<br>Leitos UTI COVID-19 SUS:  0<br>Leitos UTI COVID-19 não-SUS:  0<br>Leitos UTI COVID-19 - Total:  0<br>% de leitos UTI COVID-19 SUS:  0.0<br>Leitos UTI COVID-19 a cada 10k habitantes:  0.0
1637,261540,Toritama,45219,PE,21,0,21,100.0,4.64,8,0,8,100.0,1.77,2,0,2,100.0,4.42,44,0,44,100.0,9.73,0,0,0,0.0,0.0,0,0,0,0.0,0.0,Toritama<br><br>População:  45219<br>Enfermeiros SUS:  21<br>Enfermeiros não-SUS:  0<br>Enfermeiros - Total:  21<br>% de enfermeiros SUS:  100.0<br>Enfermeiros a cada 10k habitantes:  4.64,Toritama<br><br>População:  45219<br>Médicos SUS:  8<br>Médicos não-SUS:  0<br>Médicos - Total:  8<br>% de médicos SUS:  100.0<br>Médicos a cada 10k habitantes:  1.77,Toritama<br><br>População:  45219<br>Hospitais públicos:  2<br>Hospitais não-públicos:  0<br>Hospitais - Total:  2<br>% de hospitais públicos:  100.0<br>Hospitais a cada 100k habitantes:  4.42,Toritama<br><br>População:  45219<br>Leitos (internação) SUS:  44<br>Leitos (internação) não-SUS:  0<br>Leitos (internação) - Total:  44<br>% de leitos (internação) SUS:  100.0<br>Leitos (internação) a cada 10k habitantes:  9.73,Toritama<br><br>População:  45219<br>Leitos UTI SUS:  0<br>Leitos UTI não-SUS:  0<br>Leitos UTI - Total:  0<br>% de leitos UTI SUS:  0.0<br>Leitos UTI a cada 10k habitantes:  0.0,Toritama<br><br>População:  45219<br>Leitos UTI COVID-19 SUS:  0<br>Leitos UTI COVID-19 não-SUS:  0<br>Leitos UTI COVID-19 - Total:  0<br>% de leitos UTI COVID-19 SUS:  0.0<br>Leitos UTI COVID-19 a cada 10k habitantes:  0.0
1638,261550,Tracunhaém,13769,PE,10,0,10,100.0,7.26,4,0,4,100.0,2.91,0,0,0,0.0,0.0,11,0,11,100.0,7.99,0,0,0,0.0,0.0,0,0,0,0.0,0.0,Tracunhaém<br><br>População:  13769<br>Enfermeiros SUS:  10<br>Enfermeiros não-SUS:  0<br>Enfermeiros - Total:  10<br>% de enfermeiros SUS:  100.0<br>Enfermeiros a cada 10k habitantes:  7.26,Tracunhaém<br><br>População:  13769<br>Médicos SUS:  4<br>Médicos não-SUS:  0<br>Médicos - Total:  4<br>% de médicos SUS:  100.0<br>Médicos a cada 10k habitantes:  2.91,Tracunhaém<br><br>População:  13769<br>Hospitais públicos:  0<br>Hospitais não-públicos:  0<br>Hospitais - Total:  0<br>% de hospitais públicos:  0.0<br>Hospitais a cada 100k habitantes:  0.0,Tracunhaém<br><br>População:  13769<br>Leitos (internação) SUS:  11<br>Leitos (internação) não-SUS:  0<br>Leitos (internação) - Total:  11<br>% de leitos (internação) SUS:  100.0<br>Leitos (internação) a cada 10k habitantes:  7.99,Tracunhaém<br><br>População:  13769<br>Leitos UTI SUS:  0<br>Leitos UTI não-SUS:  0<br>Leitos UTI - Total:  0<br>% de leitos UTI SUS:  0.0<br>Leitos UTI a cada 10k habitantes:  0.0,Tracunhaém<br><br>População:  13769<br>Leitos UTI COVID-19 SUS:  0<br>Leitos UTI COVID-19 não-SUS:  0<br>Leitos UTI COVID-19 - Total:  0<br>% de leitos UTI COVID-19 SUS:  0.0<br>Leitos UTI COVID-19 a cada 10k habitantes:  0.0
1639,261560,Trindade,30521,PE,24,0,24,100.0,7.86,17,1,18,94.44,5.9,1,1,2,50.0,6.55,29,44,73,39.73,23.92,8,0,8,100.0,2.62,0,0,0,0.0,0.0,Trindade<br><br>População:  30521<br>Enfermeiros SUS:  24<br>Enfermeiros não-SUS:  0<br>Enfermeiros - Total:  24<br>% de enfermeiros SUS:  100.0<br>Enfermeiros a cada 10k habitantes:  7.86,Trindade<br><br>População:  30521<br>Médicos SUS:  17<br>Médicos não-SUS:  1<br>Médicos - Total:  18<br>% de médicos SUS:  94.44<br>Médicos a cada 10k habitantes:  5.9,Trindade<br><br>População:  30521<br>Hospitais públicos:  1<br>Hospitais não-públicos:  1<br>Hospitais - Total:  2<br>% de hospitais públicos:  50.0<br>Hospitais a cada 100k habitantes:  6.55,Trindade<br><br>População:  30521<br>Leitos (internação) SUS:  29<br>Leitos (internação) não-SUS:  44<br>Leitos (internação) - Total:  73<br>% de leitos (internação) SUS:  39.73<br>Leitos (internação) a cada 10k habitantes:  23.92,Trindade<br><br>População:  30521<br>Leitos UTI SUS:  8<br>Leitos UTI não-SUS:  0<br>Leitos UTI - Total:  8<br>% de leitos UTI SUS:  100.0<br>Leitos UTI a cada 10k habitantes:  2.62,Trindade<br><br>População:  30521<br>Leitos UTI COVID-19 SUS:  0<br>Leitos UTI COVID-19 não-SUS:  0<br>Leitos UTI COVID-19 - Total:  0<br>% de leitos UTI COVID-19 SUS:  0.0<br>Leitos UTI COVID-19 a cada 10k habitantes:  0.0
1640,261570,Triunfo,15254,PE,9,0,9,100.0,5.9,3,0,3,100.0,1.97,0,0,0,0.0,0.0,18,0,18,100.0,11.8,0,0,0,0.0,0.0,0,0,0,0.0,0.0,Triunfo<br><br>População:  15254<br>Enfermeiros SUS:  9<br>Enfermeiros não-SUS:  0<br>Enfermeiros - Total:  9<br>% de enfermeiros SUS:  100.0<br>Enfermeiros a cada 10k habitantes:  5.9,Triunfo<br><br>População:  15254<br>Médicos SUS:  3<br>Médicos não-SUS:  0<br>Médicos - Total:  3<br>% de médicos SUS:  100.0<br>Médicos a cada 10k habitantes:  1.97,Triunfo<br><br>População:  15254<br>Hospitais públicos:  0<br>Hospitais não-públicos:  0<br>Hospitais - Total:  0<br>% de hospitais públicos:  0.0<br>Hospitais a cada 100k habitantes:  0.0,Triunfo<br><br>População:  15254<br>Leitos (internação) SUS:  18<br>Leitos (internação) não-SUS:  0<br>Leitos (internação) - Total:  18<br>% de leitos (internação) SUS:  100.0<br>Leitos (internação) a cada 10k habitantes:  11.8,Triunfo<br><br>População:  15254<br>Leitos UTI SUS:  0<br>Leitos UTI não-SUS:  0<br>Leitos UTI - Total:  0<br>% de leitos UTI SUS:  0.0<br>Leitos UTI a cada 10k habitantes:  0.0,Triunfo<br><br>População:  15254<br>Leitos UTI COVID-19 SUS:  0<br>Leitos UTI COVID-19 não-SUS:  0<br>Leitos UTI COVID-19 - Total:  0<br>% de leitos UTI COVID-19 SUS:  0.0<br>Leitos UTI COVID-19 a cada 10k habitantes:  0.0
1641,261580,Tupanatinga,27304,PE,12,0,12,100.0,4.39,4,0,4,100.0,1.46,1,0,1,100.0,3.66,21,0,21,100.0,7.69,0,0,0,0.0,0.0,0,0,0,0.0,0.0,Tupanatinga<br><br>População:  27304<br>Enfermeiros SUS:  12<br>Enfermeiros não-SUS:  0<br>Enfermeiros - Total:  12<br>% de enfermeiros SUS:  100.0<br>Enfermeiros a cada 10k habitantes:  4.39,Tupanatinga<br><br>População:  27304<br>Médicos SUS:  4<br>Médicos não-SUS:  0<br>Médicos - Total:  4<br>% de médicos SUS:  100.0<br>Médicos a cada 10k habitantes:  1.46,Tupanatinga<br><br>População:  27304<br>Hospitais públicos:  1<br>Hospitais não-públicos:  0<br>Hospitais - Total:  1<br>% de hospitais públicos:  100.0<br>Hospitais a cada 100k habitantes:  3.66,Tupanatinga<br><br>População:  27304<br>Leitos (internação) SUS:  21<br>Leitos (internação) não-SUS:  0<br>Leitos (internação) - Total:  21<br>% de leitos (internação) SUS:  100.0<br>Leitos (internação) a cada 10k habitantes:  7.69,Tupanatinga<br><br>População:  27304<br>Leitos UTI SUS:  0<br>Leitos UTI não-SUS:  0<br>Leitos UTI - Total:  0<br>% de leitos UTI SUS:  0.0<br>Leitos UTI a cada 10k habitantes:  0.0,Tupanatinga<br><br>População:  27304<br>Leitos UTI COVID-19 SUS:  0<br>Leitos UTI COVID-19 não-SUS:  0<br>Leitos UTI COVID-19 - Total:  0<br>% de leitos UTI COVID-19 SUS:  0.0<br>Leitos UTI COVID-19 a cada 10k habitantes:  0.0
1642,261590,Tuparetama,8202,PE,6,0,6,100.0,7.32,5,0,5,100.0,6.1,0,0,0,0.0,0.0,39,0,39,100.0,47.55,0,0,0,0.0,0.0,0,0,0,0.0,0.0,Tuparetama<br><br>População:  8202<br>Enfermeiros SUS:  6<br>Enfermeiros não-SUS:  0<br>Enfermeiros - Total:  6<br>% de enfermeiros SUS:  100.0<br>Enfermeiros a cada 10k habitantes:  7.32,Tuparetama<br><br>População:  8202<br>Médicos SUS:  5<br>Médicos não-SUS:  0<br>Médicos - Total:  5<br>% de médicos SUS:  100.0<br>Médicos a cada 10k habitantes:  6.1,Tuparetama<br><br>População:  8202<br>Hospitais públicos:  0<br>Hospitais não-públicos:  0<br>Hospitais - Total:  0<br>% de hospitais públicos:  0.0<br>Hospitais a cada 100k habitantes:  0.0,Tuparetama<br><br>População:  8202<br>Leitos (internação) SUS:  39<br>Leitos (internação) não-SUS:  0<br>Leitos (internação) - Total:  39<br>% de leitos (internação) SUS:  100.0<br>Leitos (internação) a cada 10k habitantes:  47.55,Tuparetama<br><br>População:  8202<br>Leitos UTI SUS:  0<br>Leitos UTI não-SUS:  0<br>Leitos UTI - Total:  0<br>% de leitos UTI SUS:  0.0<br>Leitos UTI a cada 10k habitantes:  0.0,Tuparetama<br><br>População:  8202<br>Leitos UTI COVID-19 SUS:  0<br>Leitos UTI COVID-19 não-SUS:  0<br>Leitos UTI COVID-19 - Total:  0<br>% de leitos UTI COVID-19 SUS:  0.0<br>Leitos UTI COVID-19 a cada 10k habitantes:  0.0
1643,261600,Venturosa,18482,PE,15,0,15,100.0,8.12,5,1,6,83.33,3.25,0,0,0,0.0,0.0,24,0,24,100.0,12.99,0,0,0,0.0,0.0,0,0,0,0.0,0.0,Venturosa<br><br>População:  18482<br>Enfermeiros SUS:  15<br>Enfermeiros não-SUS:  0<br>Enfermeiros - Total:  15<br>% de enfermeiros SUS:  100.0<br>Enfermeiros a cada 10k habitantes:  8.12,Venturosa<br><br>População:  18482<br>Médicos SUS:  5<br>Médicos não-SUS:  1<br>Médicos - Total:  6<br>% de médicos SUS:  83.33<br>Médicos a cada 10k habitantes:  3.25,Venturosa<br><br>População:  18482<br>Hospitais públicos:  0<br>Hospitais não-públicos:  0<br>Hospitais - Total:  0<br>% de hospitais públicos:  0.0<br>Hospitais a cada 100k habitantes:  0.0,Venturosa<br><br>População:  18482<br>Leitos (internação) SUS:  24<br>Leitos (internação) não-SUS:  0<br>Leitos (internação) - Total:  24<br>% de leitos (internação) SUS:  100.0<br>Leitos (internação) a cada 10k habitantes:  12.99,Venturosa<br><br>População:  18482<br>Leitos UTI SUS:  0<br>Leitos UTI não-SUS:  0<br>Leitos UTI - Total:  0<br>% de leitos UTI SUS:  0.0<br>Leitos UTI a cada 10k habitantes:  0.0,Venturosa<br><br>População:  18482<br>Leitos UTI COVID-19 SUS:  0<br>Leitos UTI COVID-19 não-SUS:  0<br>Leitos UTI COVID-19 - Total:  0<br>% de leitos UTI COVID-19 SUS:  0.0<br>Leitos UTI COVID-19 a cada 10k habitantes:  0.0
1644,261610,Verdejante,9534,PE,10,0,10,100.0,10.49,6,0,6,100.0,6.29,0,0,0,0.0,0.0,15,0,15,100.0,15.73,0,0,0,0.0,0.0,0,0,0,0.0,0.0,Verdejante<br><br>População:  9534<br>Enfermeiros SUS:  10<br>Enfermeiros não-SUS:  0<br>Enfermeiros - Total:  10<br>% de enfermeiros SUS:  100.0<br>Enfermeiros a cada 10k habitantes:  10.49,Verdejante<br><br>População:  9534<br>Médicos SUS:  6<br>Médicos não-SUS:  0<br>Médicos - Total:  6<br>% de médicos SUS:  100.0<br>Médicos a cada 10k habitantes:  6.29,Verdejante<br><br>População:  9534<br>Hospitais públicos:  0<br>Hospitais não-públicos:  0<br>Hospitais - Total:  0<br>% de hospitais públicos:  0.0<br>Hospitais a cada 100k habitantes:  0.0,Verdejante<br><br>População:  9534<br>Leitos (internação) SUS:  15<br>Leitos (internação) não-SUS:  0<br>Leitos (internação) - Total:  15<br>% de leitos (internação) SUS:  100.0<br>Leitos (internação) a cada 10k habitantes:  15.73,Verdejante<br><br>População:  9534<br>Leitos UTI SUS:  0<br>Leitos UTI não-SUS:  0<br>Leitos UTI - Total:  0<br>% de leitos UTI SUS:  0.0<br>Leitos UTI a cada 10k habitantes:  0.0,Verdejante<br><br>População:  9534<br>Leitos UTI COVID-19 SUS:  0<br>Leitos UTI COVID-19 não-SUS:  0<br>Leitos UTI COVID-19 - Total:  0<br>% de leitos UTI COVID-19 SUS:  0.0<br>Leitos UTI COVID-19 a cada 10k habitantes:  0.0
1645,261618,Vertente do Lério,7618,PE,6,0,6,100.0,7.88,5,0,5,100.0,6.56,1,0,1,100.0,13.13,4,0,4,100.0,5.25,0,0,0,0.0,0.0,0,0,0,0.0,0.0,Vertente do Lério<br><br>População:  7618<br>Enfermeiros SUS:  6<br>Enfermeiros não-SUS:  0<br>Enfermeiros - Total:  6<br>% de enfermeiros SUS:  100.0<br>Enfermeiros a cada 10k habitantes:  7.88,Vertente do Lério<br><br>População:  7618<br>Médicos SUS:  5<br>Médicos não-SUS:  0<br>Médicos - Total:  5<br>% de médicos SUS:  100.0<br>Médicos a cada 10k habitantes:  6.56,Vertente do Lério<br><br>População:  7618<br>Hospitais públicos:  1<br>Hospitais não-públicos:  0<br>Hospitais - Total:  1<br>% de hospitais públicos:  100.0<br>Hospitais a cada 100k habitantes:  13.13,Vertente do Lério<br><br>População:  7618<br>Leitos (internação) SUS:  4<br>Leitos (internação) não-SUS:  0<br>Leitos (internação) - Total:  4<br>% de leitos (internação) SUS:  100.0<br>Leitos (internação) a cada 10k habitantes:  5.25,Vertente do Lério<br><br>População:  7618<br>Leitos UTI SUS:  0<br>Leitos UTI não-SUS:  0<br>Leitos UTI - Total:  0<br>% de leitos UTI SUS:  0.0<br>Leitos UTI a cada 10k habitantes:  0.0,Vertente do Lério<br><br>População:  7618<br>Leitos UTI COVID-19 SUS:  0<br>Leitos UTI COVID-19 não-SUS:  0<br>Leitos UTI COVID-19 - Total:  0<br>% de leitos UTI COVID-19 SUS:  0.0<br>Leitos UTI COVID-19 a cada 10k habitantes:  0.0
1646,261620,Vertentes,20731,PE,11,0,11,100.0,5.31,9,0,9,100.0,4.34,1,1,2,50.0,9.65,82,0,82,100.0,39.55,0,0,0,0.0,0.0,0,0,0,0.0,0.0,Vertentes<br><br>População:  20731<br>Enfermeiros SUS:  11<br>Enfermeiros não-SUS:  0<br>Enfermeiros - Total:  11<br>% de enfermeiros SUS:  100.0<br>Enfermeiros a cada 10k habitantes:  5.31,Vertentes<br><br>População:  20731<br>Médicos SUS:  9<br>Médicos não-SUS:  0<br>Médicos - Total:  9<br>% de médicos SUS:  100.0<br>Médicos a cada 10k habitantes:  4.34,Vertentes<br><br>População:  20731<br>Hospitais públicos:  1<br>Hospitais não-públicos:  1<br>Hospitais - Total:  2<br>% de hospitais públicos:  50.0<br>Hospitais a cada 100k habitantes:  9.65,Vertentes<br><br>População:  20731<br>Leitos (internação) SUS:  82<br>Leitos (internação) não-SUS:  0<br>Leitos (internação) - Total:  82<br>% de leitos (internação) SUS:  100.0<br>Leitos (internação) a cada 10k habitantes:  39.55,Vertentes<br><br>População:  20731<br>Leitos UTI SUS:  0<br>Leitos UTI não-SUS:  0<br>Leitos UTI - Total:  0<br>% de leitos UTI SUS:  0.0<br>Leitos UTI a cada 10k habitantes:  0.0,Vertentes<br><br>População:  20731<br>Leitos UTI COVID-19 SUS:  0<br>Leitos UTI COVID-19 não-SUS:  0<br>Leitos UTI COVID-19 - Total:  0<br>% de leitos UTI COVID-19 SUS:  0.0<br>Leitos UTI COVID-19 a cada 10k habitantes:  0.0
1647,261630,Vicência,32643,PE,19,0,19,100.0,5.82,9,0,9,100.0,2.76,0,0,0,0.0,0.0,40,0,40,100.0,12.25,0,0,0,0.0,0.0,0,0,0,0.0,0.0,Vicência<br><br>População:  32643<br>Enfermeiros SUS:  19<br>Enfermeiros não-SUS:  0<br>Enfermeiros - Total:  19<br>% de enfermeiros SUS:  100.0<br>Enfermeiros a cada 10k habitantes:  5.82,Vicência<br><br>População:  32643<br>Médicos SUS:  9<br>Médicos não-SUS:  0<br>Médicos - Total:  9<br>% de médicos SUS:  100.0<br>Médicos a cada 10k habitantes:  2.76,Vicência<br><br>População:  32643<br>Hospitais públicos:  0<br>Hospitais não-públicos:  0<br>Hospitais - Total:  0<br>% de hospitais públicos:  0.0<br>Hospitais a cada 100k habitantes:  0.0,Vicência<br><br>População:  32643<br>Leitos (internação) SUS:  40<br>Leitos (internação) não-SUS:  0<br>Leitos (internação) - Total:  40<br>% de leitos (internação) SUS:  100.0<br>Leitos (internação) a cada 10k habitantes:  12.25,Vicência<br><br>População:  32643<br>Leitos UTI SUS:  0<br>Leitos UTI não-SUS:  0<br>Leitos UTI - Total:  0<br>% de leitos UTI SUS:  0.0<br>Leitos UTI a cada 10k habitantes:  0.0,Vicência<br><br>População:  32643<br>Leitos UTI COVID-19 SUS:  0<br>Leitos UTI COVID-19 não-SUS:  0<br>Leitos UTI COVID-19 - Total:  0<br>% de leitos UTI COVID-19 SUS:  0.0<br>Leitos UTI COVID-19 a cada 10k habitantes:  0.0
1648,261640,Vitória de Santo Antão,138757,PE,117,3,120,97.5,8.65,78,31,109,71.56,7.86,1,4,5,20.0,3.6,301,123,424,70.99,30.56,20,0,20,100.0,1.44,0,0,0,0.0,0.0,Vitória de Santo Antão<br><br>População:  138757<br>Enfermeiros SUS:  117<br>Enfermeiros não-SUS:  3<br>Enfermeiros - Total:  120<br>% de enfermeiros SUS:  97.5<br>Enfermeiros a cada 10k habitantes:  8.65,Vitória de Santo Antão<br><br>População:  138757<br>Médicos SUS:  78<br>Médicos não-SUS:  31<br>Médicos - Total:  109<br>% de médicos SUS:  71.56<br>Médicos a cada 10k habitantes:  7.86,Vitória de Santo Antão<br><br>População:  138757<br>Hospitais públicos:  1<br>Hospitais não-públicos:  4<br>Hospitais - Total:  5<br>% de hospitais públicos:  20.0<br>Hospitais a cada 100k habitantes:  3.6,Vitória de Santo Antão<br><br>População:  138757<br>Leitos (internação) SUS:  301<br>Leitos (internação) não-SUS:  123<br>Leitos (internação) - Total:  424<br>% de leitos (internação) SUS:  70.99<br>Leitos (internação) a cada 10k habitantes:  30.56,Vitória de Santo Antão<br><br>População:  138757<br>Leitos UTI SUS:  20<br>Leitos UTI não-SUS:  0<br>Leitos UTI - Total:  20<br>% de leitos UTI SUS:  100.0<br>Leitos UTI a cada 10k habitantes:  1.44,Vitória de Santo Antão<br><br>População:  138757<br>Leitos UTI COVID-19 SUS:  0<br>Leitos UTI COVID-19 não-SUS:  0<br>Leitos UTI COVID-19 - Total:  0<br>% de leitos UTI COVID-19 SUS:  0.0<br>Leitos UTI COVID-19 a cada 10k habitantes:  0.0
1649,261650,Xexéu,14725,PE,13,0,13,100.0,8.83,4,0,4,100.0,2.72,0,0,0,0.0,0.0,14,0,14,100.0,9.51,0,0,0,0.0,0.0,0,0,0,0.0,0.0,Xexéu<br><br>População:  14725<br>Enfermeiros SUS:  13<br>Enfermeiros não-SUS:  0<br>Enfermeiros - Total:  13<br>% de enfermeiros SUS:  100.0<br>Enfermeiros a cada 10k habitantes:  8.83,Xexéu<br><br>População:  14725<br>Médicos SUS:  4<br>Médicos não-SUS:  0<br>Médicos - Total:  4<br>% de médicos SUS:  100.0<br>Médicos a cada 10k habitantes:  2.72,Xexéu<br><br>População:  14725<br>Hospitais públicos:  0<br>Hospitais não-públicos:  0<br>Hospitais - Total:  0<br>% de hospitais públicos:  0.0<br>Hospitais a cada 100k habitantes:  0.0,Xexéu<br><br>População:  14725<br>Leitos (internação) SUS:  14<br>Leitos (internação) não-SUS:  0<br>Leitos (internação) - Total:  14<br>% de leitos (internação) SUS:  100.0<br>Leitos (internação) a cada 10k habitantes:  9.51,Xexéu<br><br>População:  14725<br>Leitos UTI SUS:  0<br>Leitos UTI não-SUS:  0<br>Leitos UTI - Total:  0<br>% de leitos UTI SUS:  0.0<br>Leitos UTI a cada 10k habitantes:  0.0,Xexéu<br><br>População:  14725<br>Leitos UTI COVID-19 SUS:  0<br>Leitos UTI COVID-19 não-SUS:  0<br>Leitos UTI COVID-19 - Total:  0<br>% de leitos UTI COVID-19 SUS:  0.0<br>Leitos UTI COVID-19 a cada 10k habitantes:  0.0
